844.9563
1129.8649
2236.10486
1318.4853
623.6568
7189.8165
3312.10293
4936.11824
4123.9289
6291.9355
458.8177
1449.8515
9514.11502
3758.9128
2551.4402
524.4424
153.1406
1854.3072
7401.10114
4095.7109
552.5984
1387.3485
3028.3101
456.8926
3378.11955
3737.8310
2019.6181
7420.9823
2420.2585
1087.2213
8977.10147
2773.2992
3020.6044
7677.12230
2112.8064
7142.9351
26.5428
1635.10115
3909.6411
9355.12105
7181.9820
1369.12053
57.1238
164.8769
1621.9011
1379.5366
2099.10778
5106.6386
293.2235
4306.9750
98.10963
370.537
2446.10919
3612.12118
10879.11734
1590.4359
1033.1278
2698.8666
3359.8195
863.11422
1782.5406
2440.5538
11797.12123
5387.7816
1982.8515
1193.6216
5551.6133
128.2648
6068.11390
3029.12187
9313.9862
1574.11415
268.8028
1805.8523
3703.5476
8193.11669
3182.8700
5367.10437
1321.5409
4729.11089
5075.5894
2606.6937
2278.4106
2709.6691
6744.12204
2041.5391
116.7912
6417.10012
25.639
8508.8656
4861.7487
11285.12168
4009.5021
1412.4097
1807.11542
4341.8314
1488.9898
7929.10641
5376.8883
60.8471
6468.11086
5537.7785
6621.11640
5333.8070
1031.11145
1831.3011
664.5491
3567.10563
3666.6621
10980.11370
936.3843
1003.5796
4556.10874
9375.11599
1927.7506
4247.11916
8387.11729
106.11363
7496.9498
5212.6853
3527.4590
4345.8638
7084.9305
5058.6999
3830.4476
2711.10459
233.4659
3266.4059
4020.6331
7405.9698
7306.7545
6798.11654
5584.6359
696.5028
6100.11015
1923.2482
289.8970
10149.11158
7731.11488
786.8264
3203.4219
4193.5055
2380.10357
5576.8065
3860.5378
9874.10949
1259.3356
10051.11509
3991.4195
8278.10877
1230.5006
8065.11722
1614.9800
596.5102
819.10101
4955.12192
5977.6923
1626.10830
1399.9692
1913.4857
2137.3975
8554.9016
7422.7505
8104.11249
6544.9299
2459.8649
957.4237
1865.6035
2382.10806
2381.2582
2554.7631
6048.11254
4446.7261
7063.7145
3287.9294
5740.11005
15.9811
1186.11675
1432.8799
2178.6663
1773.6188
381.10951
41.9486
3129.7409
2391.6378
2915.5453
5183.7266
4078.9397
286.2980
1320.11323
5911.7707
8678.10975
2138.6001
2710.5535
2072.11946
6579.8169
7110.7623
2958.6637
1203.8258
502.10529
4170.5250
2257.4704
35.532
2916.7057
440.9839
4028.12290
2617.7867
1596.3756
166.8296
11162.11770
852.7957
6199.6344
5297.8309
2729.7403
5250.5683
10435.11494
3513.10319
2501.6812
1731.3918
8692.9238
2542.6803
2399.6926
1924.5911
4634.5867
5170.11135
1725.11182
1193.1848
9973.10545
5265.7536
2488.7967
8520.9092
1503.1995
3184.8100
3581.11521
3772.6208
2306.11234
3766.6593
4608.7575
4900.10568
4279.8515
4715.6772
4346.6129
3491.11437
4918.11633
1471.2245
7907.8980
1305.9049
3427.7060
6563.11256
5380.6759
9144.12093
4230.12360
3689.12180
8492.11635
4290.8397
378.11661
283.3638
939.5063
4040.10403
1936.11472
2872.8007
9501.10067
4512.8238
2254.5298
4683.6947
2703.11293
5221.6138
215.6796
1005.7971
969.5193
6585.7500
2891.4419
3823.8522
9692.10754
854.2204
2615.7460
1506.10352
5498.5647
7831.12036
65.10028
6283.8962
5320.10111
2399.3958
1179.2756
8328.10608
4778.10313
1380.10877
4055.8581
2515.7751
8499.11674
422.4373
753.7330
5012.11242
6486.9705
3197.11522
4193.5095
5829.10882
10706.11023
390.7743
1125.5944
6871.7692
11834.12375
2772.3659
2938.7466
5353.9618
2337.8423
4166.7805
5250.6802
135.10203
2583.8361
469.7454
5587.7938
291.2374
1227.4430
5482.11959
6532.9794
9935.10693
3959.10445
5586.9687
4220.11039
11256.11879
3947.4008
2422.8364
456.11947
1864.6943
7681.11556
4404.5445
3037.5104
798.11872
2117.4870
851.7896
5707.6613
1857.6503
1777.5307
5496.6677
9974.10932
2783.4326
828.10180
3631.8864
3193.8588
1328.3382
6622.10605
4231.8323
4249.7440
5590.10018
7649.8652
4175.12286
3884.10599
4729.8448
592.9429
3158.10410
62.8199
6087.11357
10975.11744
2999.8638
7104.11104
10252.12270
1558.7126
122.7459
4660.10475
463.2984
71.9206
3540.3758
3978.5129
1729.3349
919.5462
3987.11793
2717.10773
5275.9278
6848.11779
5267.11858
292.8903
169.1601
2307.12227
2535.10075
11576.12228
3252.12220
7516.11163
8408.11391
3927.9951
7227.9077
4127.8339
5574.11114
3002.3881
11208.11250
210.4841
9204.11794
8914.10696
574.9074
6036.7066
5287.5664
9135.11576
8581.11013
4908.6284
4527.11423
7867.11760
8793.9920
2232.2935
5816.7552
4036.7535
214.10063
1751.10793
2627.3135
527.5383
2982.4408
4871.5098
2300.2661
3197.6054
918.6051
7010.12071
5659.10395
173.1392
5174.7251
2447.8604
1410.8502
2887.4362
1361.6052
4208.9735
7328.9564
987.6137
4610.8394
4544.5617
3201.12202
1963.8658
3436.10550
1361.11524
6007.7038
386.4584
3446.8207
6525.10474
9301.11454
5763.11602
4089.4699
5084.8283
6546.8073
281.10787
1851.7927
154.5464
4521.10998
2242.5716
137.10684
6535.9124
7418.11208
5034.6862
9920.10367
4828.9517
4134.9850
7169.12107
3932.7308
6008.10857
6352.8513
2774.5545
8827.10986
6052.9973
8398.9367
103.5250
4765.9728
3696.4889
3387.4311
2854.5288
2378.12017
395.10245
413.927
8370.9134
6184.12041
1967.9586
1738.10498
2094.4555
6351.10523
4363.5200
2900.11523
4678.6186
2655.12111
823.5250
1559.8515
2476.11614
5739.6190
1145.10593
580.5186
10560.11358
2280.8143
2869.10003
2045.7206
3659.5931
13.7780
6925.12145
2810.10246
3649.7553
3240.4975
2460.7519
2529.7917
3341.4612
441.5331
7547.10444
6596.9870
117.4194
7665.11299
2015.4823
5160.6513
6932.7794
7987.10526
2627.5637
1326.3199
5273.6993
2863.6654
1076.4042
3758.9185
384.9055
2688.5306
5893.9580
5475.7297
2233.8591
5408.8830
1049.1352
2751.3306
1810.7690
6100.10711
1316.4070
2498.10505
659.7857
5152.6546
6159.12356
7738.10125
404.2907
6110.8705
4719.8002
6760.7496
3755.12353
5563.6001
3168.8898
4138.8834
2491.7584
4012.6836
6073.9726
2451.9574
311.8778
769.3088
5632.12109
1316.2254
6810.9826
3081.11114
8626.10394
4590.9306
4338.5940
5369.11146
614.3708
8374.11891
7143.12190
6924.9424
7530.10013
1795.6481
2745.6371
7146.11176
1631.9093
6650.7779
7009.9939
9945.10030
7176.10130
8997.12064
4916.11226
2250.5457
2070.3116
1521.12349
8644.11364
6464.8561
4801.7433
1563.5992
3819.11855
1816.4981
3779.12283
4271.4566
323.4737
4284.4744
6859.10013
8754.9670
4730.6347
8511.8973
940.5579
7072.8932
6724.9365
2125.8457
3083.7561
701.12267
7534.11311
7259.9218
3403.10771
7583.9354
2930.8801
3006.9164
8933.10692
11314.11948
2564.10820
7703.9856
4934.11959
3726.11982
3307.9752
6377.12261
1868.2332
3357.4485
7652.10624
6185.6229
1339.11353
7870.11010
6012.11747
1562.3586
4808.6580
6920.9054
7143.8880
7629.11027
64.5150
8788.9230
6133.9145
4900.5619
1934.11282
64.432
374.669
6918.12325
1106.3072
3866.10529
3717.11815
3905.8699
8772.10353
6869.9320
16.5658
1184.9497
5405.12329
5022.5463
10198.11592
632.7155
2277.5706
9634.11603
2295.2621
264.6378
3071.4847
2380.5169
2682.10790
5248.8893
4304.6573
1073.10181
3715.7756
4342.6572
5691.9350
604.5876
1791.9950
375.2631
2915.8953
5174.10861
499.11609
4770.11062
3234.11948
2268.5600
4125.10777
4518.5370
9087.12096
3135.9980
3270.8897
2245.9528
2791.7122
8322.9125
8526.11241
4748.11912
363.3911
868.6780
8058.10940
50.5456
5400.7512
4335.6397
7044.8726
3091.9366
2388.9235
629.4305
10002.11371
825.10154
420.7908
359.7140
9574.11892
1117.7628
1763.9806
1231.8440
662.664
11201.12268
7521.9424
2611.8926
4615.10761
711.12131
6346.11984
10469.10866
713.10897
85.10380
6966.8960
434.7105
6535.12207
1490.6841
5953.9434
5773.8953
9006.11730
2339.9857
218.1215
1150.7920
8405.11206
9213.12281
9734.10513
1573.2818
4628.8575
3358.4887
568.4736
2093.4108
856.11400
3859.4691
1563.7918
2420.6006
6599.11841
712.12179
9160.10162
4436.5957
2055.11741
810.11414
1651.4949
2351.7340
1597.3292
9240.11037
2372.3560
361.8290
838.8806
2279.4070
341.6903
2337.5755
5073.6260
8784.11969
6764.6844
1215.2186
3796.8016
4133.4900
3694.9790
5694.8163
706.1662
2978.11828
5663.7959
7914.10172
2196.3870
922.6536
3652.5569
419.4322
8878.9393
3344.5157
7203.8707
5133.8302
11444.12148
4962.11500
4759.11866
6515.10881
737.5753
1295.1623
266.3174
2739.4411
4239.4385
397.1653
933.7683
192.11425
3923.5693
5859.6699
1219.6015
4027.10570
4359.6526
2040.11883
2875.3581
612.4380
3014.12018
9464.9553
5746.8728
6476.11166
962.3471
842.3877
4166.4833
8769.9253
1018.4932
1748.11877
2599.10551
4909.10912
3400.4579
1939.5907
4967.9818
3164.10717
6273.11162
2020.10703
4241.9378
2153.9853
2751.7480
4339.9606
728.12346
7595.10109
924.7682
1707.11553
6961.8667
491.9863
614.9833
922.1358
8381.8541
2787.5578
3296.3853
9150.12107
2708.7367
7571.8761
828.6759
540.5971
6537.8333
2026.3902
2817.7641
1957.6503
1514.8787
7413.9047
7015.11161
1284.6298
9475.9951
6539.8129
6470.11542
6647.9281
3429.11228
5506.9582
4288.7738
11796.11938
3804.9269
2548.6442
5645.10972
6394.7728
835.11162
3827.5995
8215.11186
440.3433
7975.10755
686.9317
6739.11463
8293.10412
4325.10008
9707.12288
1160.9214
2929.5465
5365.6992
9727.10612
7573.8076
8602.11366
262.10832
1644.11765
2028.5204
4494.8516
5305.6419
8387.9535
1952.10928
824.7469
228.6562
3822.7926
5263.7798
1544.8664
5646.9439
11704.12232
667.6074
653.10903
3697.10570
1734.8949
5705.10480
1806.11651
2805.8433
6636.10359
2856.8257
6626.8959
5750.10821
9850.10309
3151.3428
3050.11101
64.2755
691.7986
3026.10828
4475.9979
1079.10289
2836.3124
7859.9297
8150.11856
1957.4122
4729.5825
555.2584
1742.11656
8169.10682
4833.5731
4023.10257
2606.8638
6438.6507
7833.11845
954.10653
5202.7768
6970.9091
9512.11999
11617.11631
6820.11140
6373.11555
617.11746
2111.3027
7152.11230
1008.9469
1775.7242
6270.10923
1041.9913
1550.11318
2238.8539
133.1726
4243.7794
5715.9094
3125.6235
9637.10411
3500.6042
3741.9919
3686.8330
165.7021
4318.6429
5442.12364
5690.8012
956.4595
2963.10229
3980.6022
9211.12173
1403.5095
6533.9428
10745.11552
1806.8125
1363.7765
567.2916
1281.3541
48.3563
4562.6956
2217.10569
2438.7319
3578.9517
1743.8142
3476.7280
3316.12304
3576.11603
4567.9279
4016.4992
5382.9229
2050.11289
5677.10025
7830.8515
5819.7442
5825.11089
4542.6262
3599.8200
2848.7389
9009.12101
1313.3928
9949.11889
4428.6881
2844.10577
1437.11528
2853.5415
7609.10841
6889.11613
4165.4591
3308.4414
2806.6312
6632.9958
4754.8673
79.8433
4769.6509
6788.9232
64.9599
7433.10015
2705.3002
2689.8956
11798.11946
4007.12322
5885.8112
5213.12102
4386.8617
1815.1981
2197.10148
5070.8566
7685.7998
5757.9926
1806.12106
9715.10320
1378.12072
3635.3898
343.3319
5497.8653
5013.7985
4306.11636
4156.10680
7898.11419
6210.7423
2166.10796
792.2982
7107.11487
10370.10531
5585.11351
2294.2977
90.7789
6930.10944
8507.8890
263.8833
866.4629
911.8245
2838.6148
5301.11300
4098.9775
9778.10319
3972.9871
7212.7270
185.6714
2948.7834
4266.8856
9096.10386
2453.8261
762.5361
6723.10308
445.1552
5815.8030
10938.11106
5804.11901
756.9296
250.3022
427.11880
2962.9327
3957.10204
10794.12276
10074.10927
3721.5390
2066.5228
5675.9835
3222.3308
3520.11263
3285.10699
7329.11742
4017.7173
1455.10594
1189.4166
207.6364
3385.11936
4817.9827
4495.7150
1379.3089
1449.2566
2046.8056
2609.8878
1857.10334
1482.8907
5623.8362
685.11812
5980.9065
8286.11995
7447.7615
4869.8497
4434.6597
9430.11909
10825.12311
4262.7732
7832.9539
5972.10573
288.7995
7465.9103
3158.4687
737.1449
7354.8593
10118.10683
8483.10407
7076.9407
2975.7518
1564.11705
2261.10388
3013.10751
8427.12342
5350.11650
1951.4030
7148.8790
2200.5331
2472.4440
27.2325
1424.3849
5957.8337
2494.4809
3965.11063
1641.2398
2119.9053
4686.10999
2982.8655
5550.7851
2051.12205
5015.12086
1283.9963
752.1602
1407.7448
3047.10154
2286.3401
6228.11099
9952.12124
3903.8961
6360.10087
8524.9305
7805.8544
161.8988
754.1426
141.6377
3355.4096
6493.11838
1383.10247
7404.12209
8079.8755
307.1335
5386.8512
3090.4798
3829.4462
4274.9184
3407.4920
2127.3335
2956.7402
400.8081
11717.12095
4893.11016
8515.11701
294.4788
2636.9599
1200.5819
2698.9556
5161.12081
4257.8331
2715.10396
5217.6389
6473.11119
2325.10145
1520.4860
7883.10721
3033.3887
6577.7770
491.1843
7904.10863
5866.9222
6412.7532
2877.10540
10050.11766
8167.10664
9925.10441
2423.11603
3593.6767
6944.11539
2816.9587
490.2483
2367.4763
2411.5946
9544.10910
5243.6372
4384.9540
8460.11132
3613.11343
5514.10914
2601.4163
4381.6955
1243.1261
6569.8221
9450.10069
9509.11316
2876.8557
5022.8690
8743.11668
9158.10919
772.1380
8541.11733
9222.11586
294.6391
8585.12261
5131.8176
6580.9126
6633.10719
5125.7766
156.12152
2917.5150
1279.2411
9596.11775
4016.4803
561.10047
5622.11763
2550.6052
2572.10315
7441.7607
6392.7350
3289.7933
6739.12019
6728.9568
7200.7250
1395.4729
1245.8515
10182.12081
2560.6817
3193.11632
3747.10681
2771.5724
7221.9473
2605.7908
5250.5268
2790.11331
7950.8154
2465.5446
5304.9355
4122.10994
10756.11133
4320.9696
9629.12200
519.8998
638.4162
6816.10374
4405.9311
6208.8581
2194.3142
572.6491
916.7657
4923.5951
7819.10150
3061.5935
1686.9457
527.6485
3236.3505
6465.10208
3455.11680
5711.11450
7378.10006
7195.9070
1904.7071
7384.8891
1411.1756
1674.11799
4605.10491
5024.6934
8136.8140
3486.9076
7130.10454
4089.12249
4901.8269
11709.12181
10364.10927
840.7143
8067.8902
2501.4471
8321.12190
4483.12175
6142.6144
873.4809
260.9808
1174.11972
1123.5126
2517.3782
59.5567
377.3704
3312.3389
7317.8420
36.11798
90.12231
6425.12182
722.7662
6103.12125
6470.7251
1433.8485
7279.12106
3180.9123
6.393
4981.12319
3681.8041
1195.6380
6689.8820
7506.10733
296.12259
968.3862
3898.8768
1642.7622
2104.3557
5334.9477
1607.4996
676.8762
5914.6289
334.9934
7196.7546
5096.11195
3721.5656
7756.10082
1773.3549
6547.11862
8660.10022
6958.7107
566.10967
4811.11592
6193.6356
3319.11651
2406.7220
6519.9740
8187.11176
1028.9877
7031.10072
6260.7820
5151.9712
2326.3431
10050.11234
10066.11903
146.6964
209.11538
7416.11720
455.10363
1011.9703
5545.8214
1348.6463
3831.6040
582.8871
6214.12224
3980.11046
3236.8026
4348.7234
10976.11014
2885.3067
1679.4708
3426.8386
5834.7767
678.7276
187.5503
2725.2838
253.4817
3517.12210
10957.11362
242.4453
960.2860
2152.5594
5593.7881
3118.11390
5766.7265
4368.6260
10609.11098
1847.8108
9124.10901
7721.11705
10440.11748
1739.2724
4212.9049
2904.3719
1154.4382
4817.12363
1491.1563
1611.10231
915.5679
3656.7517
184.6519
1935.7034
376.6548
3785.6624
7063.9567
2558.5515
1808.9590
3179.9722
2829.6675
603.11368
7611.8069
88.1450
2221.10379
9032.11296
2159.10677
6739.11205
8395.9594
3790.5882
7648.12229
3675.8817
8710.9499
3958.10666
3195.6089
8700.9221
2915.9804
1254.3110
1693.2420
2423.8023
2788.4592
294.8003
2464.8364
139.701
5204.9257
336.10574
85.6861
3078.11698
2758.2824
1262.9509
1920.3983
4896.9523
3344.10236
7695.8850
7670.10507
1829.3702
7912.11760
1183.6332
535.2789
5777.6965
1433.11483
475.11409
6819.11526
723.7607
1836.5660
10022.11365
2407.3753
500.3789
2435.8249
3037.6674
7219.7686
249.1464
6646.11184
2784.3207
1980.6843
2352.2750
8573.10954
1823.7565
4056.10942
2480.11017
488.7061
3582.6123
1628.3910
1742.5066
1201.7741
5512.9099
992.7655
5985.12006
2518.4520
5340.8251
1257.8515
7180.9619
3792.9494
2851.11378
9251.11430
989.8804
3320.5354
5993.6055
9456.10513
4484.9267
4509.12328
7450.10268
955.976
151.11399
1055.3402
4166.9956
8981.10805
1811.9757
4799.10948
7273.12246
3758.7803
271.1547
2628.11863
7729.10549
1110.10055
1666.6617
5203.9418
2826.10814
3794.7395
4150.6427
3268.5489
6373.12114
2331.4202
2102.7112
10068.12018
9972.11792
8972.9266
1438.2718
1403.4776
7847.8342
6610.9679
9466.9669
4052.11132
763.8703
6013.10532
6728.7194
3906.7536
892.4670
4779.4830
354.7880
3168.9533
5700.10409
8992.11231
3227.5142
565.5907
525.1025
3260.9911
2355.10586
3883.5027
1999.2145
5988.6586
398.3265
167.9477
1640.4167
1983.4921
8515.11664
1211.1695
10770.11531
3294.5997
508.6322
2192.3031
7447.11476
160.6737
1765.10068
8515.11162
4533.8690
2530.5264
4099.7299
2038.8781
735.11364
2680.12166
2552.5219
3032.4322
4892.11398
3363.8590
4575.10955
1669.1893
521.5423
97.11002
3713.9522
400.4001
1247.8899
1101.3117
6218.6321
1794.10974
1090.5406
1851.1900
4438.11333
5484.11697
4085.5904
3777.4000
5204.10192
418.519
1982.9068
4256.8564
6682.7872
3287.7496
8510.9576
2636.3699
6100.8608
5843.11109
1371.11795
7680.11313
235.4626
1989.8279
1708.10709
2281.10669
5685.8469
5305.11397
5988.8720
3072.7313
3196.5877
6643.10432
404.2511
6606.10257
8398.10220
3069.9273
2774.3573
5282.11561
2507.3589
3752.8849
3816.9572
317.4637
2838.6925
2434.8572
6715.9144
5057.10992
1435.8690
8401.9247
7047.11589
8152.10317
2974.4432
2313.12050
8122.10029
3758.12296
8517.12254
1992.9166
1784.5395
4041.4148
6361.9683
1317.5934
3156.7077
1875.9396
7533.9248
1500.4319
4793.7275
3729.10342
2006.7384
3361.4752
852.5706
8272.9621
1633.6023
11637.11942
7398.10097
1239.4563
5743.11865
2234.12221
1620.6717
10317.11028
7639.12185
318.8198
6707.9852
1119.6739
1068.1511
3802.8630
2881.3281
6927.10881
8774.12293
8304.11303
2952.10947
3836.4337
1168.1316
4066.5995
10352.12020
4134.10309
5271.7345
7061.8438
4611.5606
6916.7358
4817.8357
8783.10519
9702.11645
20.9571
4.1809
6788.8942
2575.11751
6379.9711
303.6739
5058.9390
4924.10815
7861.8698
1817.9841
9534.10185
646.2090
4224.5511
8015.11243
1293.8156
2270.11914
562.4577
1689.5488
6304.11893
1216.5625
800.1497
7514.10973
4983.6173
991.11350
5406.12132
3470.5181
8723.8904
1275.11898
1733.1873
1114.7872
6534.10815
1519.4032
1023.5681
3300.9933
4478.5790
543.7701
911.5957
4708.9971
1093.2956
6200.6424
4726.9053
4698.5255
4467.8746
4617.6310
6894.11595
3741.4252
2764.12000
2536.10060
2696.7253
3384.4143
662.3122
2431.4344
6109.6499
4900.5825
4268.8072
839.6510
10447.11991
4194.12370
7884.11372
2466.12075
8439.12073
2690.8855
2588.10036
5339.10161
7246.8579
201.4492
7437.10816
2501.11747
2113.4184
1683.4614
3850.7505
3842.3945
11162.11747
2990.4719
2420.5363
7432.10565
8387.11907
4024.12069
4621.8987
2367.7906
2010.4217
4151.5753
3039.10054
6713.10769
5349.11404
4672.11768
2829.4166
4546.9263
3530.9628
1890.8464
190.6996
1288.2549
9803.10141
7524.9773
4317.11447
483.3219
1573.4832
640.7812
588.9661
10616.10891
5721.11114
1148.4221
2293.10812
3950.10322
8013.9370
4696.6029
8023.11329
8384.11870
5101.11445
5401.7805
1646.9630
230.8348
2614.11537
2320.8515
871.11366
1381.2350
3789.7336
6093.8616
5655.6171
718.4969
2638.5989
1234.10959
2633.8534
4210.6579
3678.11487
5212.9211
127.3317
10097.11848
1953.4652
883.8935
4736.10835
400.3127
1246.4662
4229.10836
950.5874
10866.11603
1449.9144
3757.7370
681.8646
1864.6423
11466.12166
5115.10124
2066.7569
116.1575
1253.9647
1015.7168
6022.9275
4988.7930
6607.8782
5184.7328
2502.3551
301.4080
3580.5896
2141.9110
6559.9942
1573.5978
2584.2879
324.8263
8695.9925
8378.10395
3745.10167
3224.7644
3862.7280
779.2906
3542.8576
6522.11577
11808.11990
3339.11542
934.3065
3928.11651
1902.8565
4756.5328
3841.9429
6158.11985
1344.2298
6616.10674
4951.7484
4281.8536
6698.9627
3139.12070
3032.12286
2544.3811
4006.8447
8572.11670
3000.6146
2218.12150
8383.10834
6239.6832
8819.11364
7085.10876
1422.8832
3287.10662
3208.5753
4817.5619
2552.7602
432.12228
8139.10120
1691.7193
1058.5239
113.8693
1316.4215
1350.4291
841.7322
3650.6608
5285.7623
229.621
1400.5966
1143.9813
3308.11524
7039.8194
917.3398
493.2132
1758.9656
5461.10483
2198.6903
8507.11515
5216.8786
7663.12326
998.8953
7546.10481
6330.11697
7706.11961
3372.9787
9062.10406
742.4703
2698.9196
515.11240
1752.2143
4799.8106
9763.10086
2828.10219
1962.4506
3644.8263
4157.12164
2212.10452
1142.6809
417.10927
8479.10988
2829.5969
8689.12376
2147.8159
1605.2208
11354.11408
8088.11659
543.6666
1004.4053
4650.8552
365.7821
603.7628
1887.4474
1864.7496
5784.10784
4417.8308
5481.6892
6309.9438
4347.12370
5777.9515
2902.3502
11181.11953
7356.8244
2592.10218
3136.4671
1898.10068
5029.8406
4079.5880
9041.9097
4051.5619
7288.7867
3997.5322
9668.11120
3485.3662
4573.5668
1501.1948
2754.8638
8118.9351
3492.7805
5174.5591
84.3861
6636.8080
1111.9644
4399.7204
4695.7501
183.6808
4737.11426
2240.3862
759.3374
6505.9583
1392.7369
8852.9749
994.10174
11670.11827
2643.7586
3826.11347
6704.9382
3692.7278
2993.11787
1573.5906
2101.7522
4479.5957
7891.9999
4071.11550
733.12311
1021.2338
4741.11872
10061.11400
5613.5919
9962.11615
6432.11542
3365.6532
11587.12143
748.5454
705.5518
2658.9044
3382.3621
2757.11726
7964.9377
737.10407
10712.11786
712.8335
2738.4086
7492.10801
9276.10787
11192.11439
325.7898
8969.11231
7640.7649
8126.9970
6704.6925
2724.8509
3959.7868
5891.9662
2386.9658
5277.5547
14.10746
1177.2935
1832.6926
1059.9814
9634.10837
6826.12172
2656.7852
828.11861
3212.4063
9582.10318
386.6370
10675.10970
1819.12306
1102.6637
231.7568
1506.8515
6818.8220
1726.5250
526.9869
888.6211
3021.9065
1933.10740
1711.11770
5865.6791
780.6184
1944.3454
5564.8196
348.5009
5730.7814
529.2045
523.5910
4876.10610
10.11255
10636.11530
7705.9245
5580.7297
1208.2556
10117.11915
5192.6656
3827.10993
1865.6257
254.10821
199.2143
3576.11329
6276.9090
3705.5250
4650.10077
1680.1705
3257.6469
3242.11449
5424.11361
2964.10215
1116.11188
5553.6906
8185.8540
3121.11396
4044.9890
9712.10987
8893.9056
8142.10758
7467.7546
8881.11930
2147.8421
2003.3743
6215.7066
5733.9926
5292.11386
9083.10681
9834.11250
5412.11757
3944.10555
4854.9728
1191.1399
645.5795
2753.9688
4103.11468
4525.4730
6734.8841
10100.11611
4147.7829
2047.11782
4025.10360
968.3476
6393.12282
3159.10715
4661.6002
5501.9456
1849.8011
1050.3860
2088.4674
5148.11543
2124.2727
6689.7269
2296.3864
7184.9201
3509.6358
7796.11956
3054.9903
1574.5325
6335.12043
8047.10040
9131.10249
1199.10656
5127.9502
699.4171
1805.6025
7697.11003
2423.10866
9042.9719
8763.10490
1369.9746
8884.11778
3949.5520
2199.3232
816.7157
383.9355
5932.6171
9567.11620
4227.12094
2619.8231
4781.9745
8227.9343
5008.6759
2013.11622
1567.4166
817.11164
4765.5025
1580.2559
5224.7973
1648.5330
68.5162
2707.8614
633.1709
5235.9743
1007.3622
7022.9370
345.11988
4362.5626
981.3143
1852.9171
1581.12302
570.4829
11077.11475
4024.9921
387.8794
9900.11126
6049.10005
1094.11945
3625.5803
2057.12299
1551.4135
418.472
8392.11343
8130.8295
1108.5794
6897.10496
1724.7945
7302.10083
720.7566
3974.9370
5232.6029
771.1998
7093.9304
3347.4606
6887.12309
3656.4225
2141.10345
2367.6783
805.6344
5653.7635
4018.7895
7186.7629
4918.9691
399.4035
1773.6734
1377.4110
2686.10038
5209.8756
8222.11756
2732.5666
5404.8529
7544.11495
136.5792
5306.9443
5257.10173
3233.6824
8840.12348
1838.11542
3299.11660
6628.12038
1137.6260
5683.6019
2569.5989
4274.10807
973.1155
1331.7216
4039.6477
1997.12271
5616.7976
1244.1282
6106.7304
2254.9173
6764.10512
5.10017
8099.10980
4878.7048
3612.9860
715.933
4200.5908
5174.12329
2529.4339
7196.10196
4286.9188
1623.3352
8002.10020
7724.11510
5283.7478
1271.5718
2857.5405
5608.8474
473.1885
225.1080
5308.7755
1183.8708
4802.4831
2856.11819
8675.10964
7272.7494
1578.11747
7017.8301
3024.7211
1528.3879
4166.10598
2636.4237
2423.11329
7671.8137
805.3086
6064.6657
789.4522
3143.5425
9409.11233
6484.9659
849.8978
10332.12272
2533.3378
893.9365
5359.8861
6350.8047
3326.7347
2449.2650
3826.9493
1820.5100
6877.12082
1257.10785
3692.11776
593.6368
6520.10799
5811.10095
4178.8006
8055.9388
175.10383
5242.12143
3377.8008
53.10391
8599.10319
11094.12188
3846.7470
4786.5494
1993.2863
2404.11601
2766.4367
1543.8503
10457.10652
193.2657
4421.10793
886.1879
4729.4900
2271.5701
8515.9909
11185.11701
10414.11087
616.6279
5581.9216
9166.10815
7679.8199
852.4310
7591.11489
739.6645
5393.10103
6165.6418
10701.12234
4226.6618
11825.12037
3136.7635
5513.6013
1830.11089
2830.7231
7993.12100
2406.9323
1311.4433
3437.5564
4886.7911
3661.8158
5597.7726
3213.7028
7164.8351
9837.9955
6267.7889
4145.9260
3972.6083
3824.10302
2260.10847
12046.12184
5604.10967
4132.9337
4389.8506
3268.7958
1851.1992
469.503
4374.8879
7832.11011
1090.10220
3930.6033
3999.5378
6696.8123
5764.10365
4477.6749
5088.8856
5450.8922
1162.6147
2829.7882
7496.9294
4600.8030
10448.11459
4644.11573
8633.10402
6651.8892
2437.8808
2641.4947
3111.3681
7564.9978
7165.7188
986.5378
1945.5165
5833.12139
2967.6310
3128.3722
3670.9150
723.1554
2246.7474
7320.9373
2087.3962
6717.8531
375.555
1776.1886
1604.6320
4575.6806
8974.10850
2027.6732
10152.12186
7509.11864
7108.7562
418.8998
3602.11480
643.3754
4558.11890
4449.10287
534.7620
730.9291
3683.5254
1469.1475
1345.11498
472.519
3840.10809
1833.12030
1340.1811
9304.9374
6170.6933
2195.8955
6998.7662
3016.7443
4093.11895
7467.10196
243.8515
5247.6570
2800.4389
5231.8226
227.9867
2214.7412
5208.8387
5471.7550
1615.4142
3032.9268
7585.12063
4833.5344
10907.11805
108.3444
702.11997
10132.10694
118.2081
3231.4917
5662.10264
1468.11428
5323.7080
4129.12147
5371.12201
4379.6012
9102.9905
1524.6263
351.10642
6227.7453
2617.7288
428.9779
6305.7656
2998.6470
7557.9655
4900.9470
4005.6410
5640.11574
6357.8481
9761.11470
1017.6700
8983.9812
788.11594
98.11291
4990.11883
3268.3833
2076.10158
9988.12159
433.1490
543.7881
3103.3273
6822.6922
10867.11812
3837.5642
1341.7745
10542.10766
1773.6153
9850.10899
885.941
9050.9141
1102.1938
1851.10928
8515.11167
8149.10885
588.7147
969.8882
6260.9612
1597.10269
8169.10036
3642.10338
1682.7037
10711.10714
7430.11812
9373.11900
5164.6478
4840.11735
7579.7608
671.8837
10859.11361
6805.10314
1851.7876
7999.11298
2610.8319
4493.8596
5719.10727
3001.11996
3979.6224
3108.11539
4166.10209
2254.2279
1603.5909
4900.6925
5483.8027
1535.9218
8001.8609
912.3888
251.1880
1133.2158
462.6683
5086.9520
1865.9508
563.4597
10577.11759
6052.11751
3736.7805
1353.1940
4551.10060
2054.7295
451.6824
2671.7805
1205.8583
1474.4359
5861.7953
1702.6684
3321.3525
329.4854
4941.10258
11446.12136
2725.7447
3651.6065
453.11869
1958.5829
7426.10948
461.10021
6285.10491
7281.11458
11329.11603
9394.10039
2547.3327
3875.9602
3412.11148
10604.10881
9121.11193
6640.8229
295.9870
1159.5327
3056.5615
1960.12091
1034.7779
1445.8707
1052.9757
10136.11034
997.10872
4523.8119
4166.4473
3146.4078
2247.4220
9057.11453
4588.7452
8719.11345
10079.11841
2520.3646
2005.11457
3783.4038
7463.11821
5345.10566
4161.7772
10164.12357
1235.11082
805.10749
10666.11234
3191.7592
151.2537
3711.10296
5416.7250
2349.7784
9104.11641
548.10228
6288.9799
1694.5245
7803.9128
5646.12040
1157.7817
7109.9355
7539.8528
7374.8467
6295.6408
1710.2951
6717.11554
4244.8919
522.6942
7017.10049
4642.5526
970.5140
1516.3920
1107.8109
4693.8140
4189.4464
6728.9295
1296.7281
6277.7556
315.481
4295.12167
1000.5279
8373.11210
1494.9163
5389.7339
4011.9485
8498.8887
2429.6684
3601.9701
2580.5634
6000.10979
3396.5399
822.6470
1625.3215
4718.8157
3367.8419
4236.11578
4482.4564
1665.9202
9987.11932
1576.12263
1009.6167
245.6232
2043.8509
2802.3414
11262.11790
1051.1971
7737.7948
4162.8791
2965.5604
6454.8999
8066.11811
11429.11699
2785.8815
3546.11358
9389.10953
8990.9554
5397.8039
7717.9022
7060.12311
484.4232
10610.11268
4833.12243
3206.7382
10487.11713
3534.7875
5926.11951
10387.10409
2968.10244
1952.9862
5528.10913
5771.9598
1300.11683
1577.9058
9345.9713
4081.11265
1893.7496
86.1859
6017.7010
7143.9172
2416.5609
3241.6376
5314.12161
3303.8147
1262.7061
3914.10839
1851.2237
2492.4420
6946.7337
4299.5960
4729.6387
111.11404
7601.9353
2759.10042
6461.6581
775.3719
8747.8800
90.5150
1393.1806
689.11921
747.6480
1566.3541
3454.6600
11335.11749
2573.10792
3548.6202
5670.10022
712.11411
7154.12255
3280.7054
714.6108
2572.8355
2821.10493
932.10718
6022.11046
1587.10385
1222.5920
7215.8327
755.7338
10672.12141
4599.9136
3041.11417
4397.4900
64.1715
2496.5650
3581.11788
1349.9116
9.9542
6120.8985
1168.4070
7061.10395
733.3476
2470.3434
6443.11840
2157.4618
328.10981
5791.10300
6919.9332
100.2950
186.5943
1365.3937
977.3680
3371.5315
1451.2423
2744.8290
6698.11542
2148.9162
7061.8378
8736.8826
3853.7129
2335.11278
6311.10779
9423.9739
10978.11075
1182.7710
7093.7373
3258.10514
9225.11125
2079.9626
246.11625
2174.10346
11115.11777
6191.7122
7352.10433
4955.8572
6563.10711
7678.11336
5071.10877
2540.8638
3660.4797
3072.3518
10930.11272
1707.4935
1929.2669
4003.7097
3094.3259
3308.4455
7943.8638
6109.7662
1354.1667
5182.10776
90.8473
2602.6248
8610.10291
517.11024
4690.11909
4635.5631
2299.7554
1768.4911
3809.5708
6707.11781
4999.10419
10546.11421
1314.2211
331.2325
8102.10896
2620.10244
6197.8360
3654.8622
2781.7782
1126.9065
4426.7333
10527.12261
3259.10278
5588.6730
7240.7464
3113.9413
9456.9734
1040.6372
8858.8954
5492.6498
177.4874
6115.12233
2882.10585
2712.11380
7398.11848
373.7235
896.12337
294.6164
4340.6318
2242.2321
1168.5298
5628.12114
5327.8728
2311.8079
10170.11994
7325.11070
2733.3473
306.6086
309.11882
11402.11860
3247.4196
1477.3714
5596.8638
168.546
4033.12208
2704.8803
7102.8343
2161.2465
3277.10822
1367.3459
409.4448
3730.11014
9107.10304
4817.5136
3823.8805
9212.10265
3536.11629
4145.5092
4653.9302
4197.7711
2290.8086
5060.10438
2663.10426
4260.6088
1250.8134
258.12031
4558.11832
2858.5071
7056.12289
4139.8725
2009.10659
1575.7912
2704.6482
3803.10144
6081.9685
3423.10635
2477.6136
449.11671
1549.5166
5778.8485
2736.10307
9887.10736
8393.9091
9207.10502
2162.7614
2874.7372
2241.3297
11773.11835
2512.3409
1644.11976
492.10612
1051.12065
5817.11108
1209.2514
2377.3797
429.5702
3358.9500
9284.10873
9608.11858
6493.7235
7380.7589
2465.5334
157.4456
458.2765
10049.11515
1472.6994
8738.8810
2751.6829
1964.7876
1347.1754
9762.10139
10027.12173
1654.8566
8764.9565
1900.4730
1319.8012
2141.6175
2008.8292
2171.7975
1613.1660
1851.11050
3181.6258
7207.9693
1978.7027
8070.8435
4297.9570
1874.5839
4502.8527
594.701
2346.3547
2099.8480
1392.3886
2516.4503
7996.8580
460.9851
3998.10581
9845.11356
198.10165
8509.10443
4616.6941
8802.10382
5240.6645
4133.8515
2122.8485
5015.8293
5459.9491
5150.7605
7407.8505
1585.8554
1433.11379
4092.7040
3865.4739
7606.11029
6167.11345
805.7569
129.9905
5078.8243
5950.6635
7775.7903
1991.7425
6965.12348
2994.5604
761.4711
5818.8894
3185.5238
116.2758
1504.3710
4124.10906
6904.10718
6183.8184
3287.6423
5394.6705
1360.3308
1484.6145
6925.7993
269.11676
6442.10190
3176.5351
3810.5031
2530.6460
2617.9508
2432.11674
73.6037
2142.8253
3486.10422
2604.8312
2653.4929
7702.7941
2004.8713
10368.11496
4598.8000
1495.2073
4219.5149
1136.7088
9663.11848
396.5147
10648.11740
9498.11072
10417.11875
4688.5044
9139.10795
45.1249
10209.11221
4210.8918
2776.5661
7676.8305
6343.11052
3855.11806
1545.4764
10738.11226
7808.10950
2182.7065
3298.4054
4731.7400
4905.10725
1009.6925
7536.10449
704.8534
104.1197
10481.11145
4600.5149
545.11322
5038.11212
6701.7868
4890.5669
732.10797
3959.8722
3761.4668
3448.5168
517.12370
1759.8495
7398.9663
5807.10817
4279.10793
7350.8324
2515.8458
1258.1449
5879.9273
4142.7563
8188.11172
9373.10877
770.2293
2721.9038
1431.10935
2163.5410
1575.11760
2397.7736
5870.8515
100.7134
1886.9070
1588.2911
4773.9518
2288.9529
5302.7612
1582.7817
1517.7531
1486.8939
2635.5069
1693.3164
6321.8063
4250.4560
4945.12251
1925.2338
5352.10073
162.1760
4692.9255
740.7424
5373.8233
993.8462
875.4758
1220.9307
1118.2481
7156.8679
302.559
6354.9065
1556.11183
4120.7722
2458.2713
3740.11389
7963.10541
4370.6010
9032.11004
1290.7098
11172.11807
10788.12222
7071.12036
7032.10022
2521.4057
158.3272
1192.7496
2322.8246
4729.8625
1485.9369
971.11843
1048.4207
10459.11181
3260.12143
5263.7464
990.8191
8450.11630
5405.6746
5281.10273
5546.6505
2558.4166
2258.9335
5929.9613
2777.8093
10150.10802
9795.11128
2409.11797
9218.9678
7535.11542
8094.8547
3484.4375
6811.11340
785.8436
5465.7258
3017.5885
7357.11927
4237.6250
2543.8535
6579.7365
9508.12173
2889.4048
641.5089
3540.5680
6761.11162
2337.8515
2427.4078
4323.7936
1130.11341
1678.11929
6711.11156
7066.11463
7315.7447
312.7051
273.635
1609.11705
7447.8613
3627.7396
2901.5468
5685.9591
1583.7518
7736.9850
3423.6490
1077.6704
3061.7602
3329.12344
2065.4742
5155.9315
2720.10613
4051.11770
5312.10200
1092.7697
9419.9975
5878.6396
4061.8325
2282.7334
1749.3261
3195.11181
634.11847
3953.10958
7376.9771
11602.11894
4900.7209
7017.11515
6542.11256
3948.12165
5698.9807
521.5132
5313.7704
11347.11559
4292.6032
2043.5392
4735.5516
6266.7678
149.8267
909.10303
11486.11820
8.11618
3453.11038
9073.10845
337.6912
5572.6188
6440.10813
10808.11992
1310.12126
1842.2303
2215.2856
3486.8728
2825.5997
4729.9412
5517.7918
8509.12372
9245.10623
1043.3107
4388.8387
6349.9427
446.3475
2745.7786
7149.8470
913.4166
6014.12256
6260.8629
8937.9653
10677.11100
405.5303
3005.6549
6506.8213
2086.6969
1076.6377
3369.4849
2966.11144
7132.9741
2014.3954
1188.4094
6402.10372
4174.9288
4820.7309
1435.5463
6535.7957
4841.5027
270.11751
9912.10031
248.10510
5631.6177
8630.9169
11547.11565
851.2550
1841.4983
9020.10892
1217.3521
5172.11674
4192.6048
2261.8410
734.4128
2097.7241
1449.8521
11317.11485
4131.10271
224.1317
5871.11047
70.11885
4532.7366
674.2767
3435.5638
721.6909
4020.7553
2066.11812
10235.11114
6694.11031
2556.9913
6201.7222
3981.7446
2531.4322
8616.9546
5540.8090
4751.11982
3599.8121
8164.10916
2064.4578
9494.10053
9443.11477
9200.11105
8538.12030
5595.6955
1959.3761
5856.6589
310.1790
551.12332
1376.2323
8403.11473
3006.6198
1266.6515
8780.11083
5103.6852
8759.10343
889.3600
3177.6782
1536.2953
7924.11503
3055.5936
1047.11367
2793.3010
1930.10866
7764.9821
7092.7283
3926.9342
8983.9886
5214.6293
773.6864
2812.12163
1911.9769
2652.9472
5798.6725
4145.9829
5683.6802
3445.7508
3554.7805
6028.6639
10644.12213
6925.12100
5045.6882
2926.11576
6753.11443
2392.5826
726.3586
6423.9983
828.3338
4918.6578
9373.12143
805.9917
2259.11051
6988.10184
5460.11948
1357.6766
4817.10969
233.10105
37.2046
2098.7353
2710.10298
1153.8433
6589.10187
4378.8712
74.373
7428.11628
1332.7635
3078.12310
1902.7669
1652.9292
7370.8587
4838.10753
1065.11991
6438.10393
4058.5809
1954.7537
1982.11750
575.6342
1104.5163
340.10716
717.1845
1575.1818
3220.4832
4900.11162
883.8217
784.7616
4904.6749
5130.10071
55.5112
2032.7497
2867.10085
2014.8971
3145.6141
737.1606
1183.8490
8020.8155
7828.11194
3763.6857
615.4769
4372.7892
2912.6872
5767.8563
4940.8612
7715.10256
3248.8089
3848.4921
211.925
10088.10354
3868.9753
6209.8670
196.6282
2176.8091
7589.10539
8165.8614
2717.6281
3227.3599
5324.5414
6035.7867
2799.8737
1943.5825
7983.9412
7735.10535
1798.1875
3519.7100
4596.10658
550.10396
1128.8512
974.3170
5298.5364
5211.6042
34.3901
6652.7691
2945.6768
9004.12012
5251.10024
56.11918
1168.9173
3855.7849
3045.5645
4900.11770
8466.8934
4472.10284
3512.8459
9785.11581
2149.3717
690.7054
10605.11642
5667.8134
10854.11151
2858.11900
7230.9197
1825.8034
7314.11232
5735.8334
3632.8848
9402.9531
2939.10860
3276.7156
7546.10196
1806.6629
5775.7946
7997.9323
3641.11802
1256.11646
2573.10098
6384.8911
6653.6926
5362.6654
7318.11161
9459.9705
4701.9203
957.6250
2555.11526
3795.7811
333.2344
3605.10539
5068.8061
3386.9843
546.4927
930.5598
3630.4359
7050.10255
3009.5628
105.9791
3222.3704
719.10645
7412.8202
5050.9969
3770.6247
738.9929
1324.5466
3303.4749
5077.7810
3684.11566
4159.8598
7482.12177
10714.11948
1783.6532
531.8863
373.3124
1827.10808
2790.12166
5726.11785
104.478
3392.9456
581.1737
2010.2363
5671.7375
3751.4283
5852.9916
4815.8160
4944.9209
7061.10030
1179.2593
2478.8191
3813.11173
744.1452
2957.9422
2014.11764
2325.11824
6052.11256
418.1372
3485.8637
5176.11388
1568.11129
10177.10928
9452.9516
3687.11608
11044.11533
2504.8007
5081.11567
3894.3901
3404.8170
5989.10019
7866.9294
1451.8959
288.6771
1917.10154
1449.10793
9373.9451
1915.6512
5709.5990
4963.10290
1779.5736
1793.12237
801.1360
6461.6538
7099.9029
7708.7981
134.1740
338.2091
11302.11685
1681.3154
8037.9706
1489.5437
4833.8494
6519.8873
2623.6971
1396.8870
571.2088
2123.12076
7169.9557
3.1057
6003.9764
7082.10168
727.2330
3318.3764
8232.12365
7921.11801
1370.11238
2304.9181
9720.10655
4972.12067
429.12342
1147.2077
7715.11393
10224.11677
3100.8200
1090.2295
516.2042
5405.6188
5325.9032
2387.5429
1851.1952
486.10099
152.11315
2388.9611
1656.7139
2420.9870
4981.12206
1166.2698
5519.7159
7630.7713
2751.9790
4280.4362
2513.6662
8814.9220
1227.10217
3464.7124
2373.4505
2843.10526
5398.8875
2996.11056
6765.9996
2418.10764
7075.11542
10301.11592
2446.9158
6397.6806
9589.11366
4499.4919
8648.11899
2243.7578
7697.8516
1990.9550
4559.5452
5154.6352
10635.11207
1420.1909
869.8659
4070.5364
3394.4685
836.11948
10926.12314
7010.11513
1523.9236
10900.11481
5426.7087
2455.10397
31.6192
672.4775
1478.10415
2385.5745
159.6088
3279.5783
5058.11438
6954.12018
7748.10425
1055.6720
8733.9733
1828.2205
213.7296
4863.7504
1889.8307
5623.7841
386.11352
1389.4906
2695.4398
2080.3002
8112.9986
1229.4646
6767.6813
677.6792
7447.9412
1627.2016
7303.7610
1318.3051
1992.2251
4871.7257
6830.8065
4067.4265
10026.10121
2100.4630
6194.11343
352.9614
375.9878
10657.11634
6299.7621
3482.10800
6137.7381
4983.12248
5901.11670
5898.11685
6802.9410
5838.8487
2869.6787
7104.10852
1735.9481
2982.11529
4182.6519
2294.5932
9030.9290
1748.10206
5712.11649
3912.10888
2232.8810
1727.4836
5196.8135
5521.12350
8376.11415
6471.6685
9635.10545
464.1671
552.10081
1509.8359
1838.2354
5761.8711
2884.10495
3814.6929
4199.6292
2000.2896
2561.8950
2400.6543
1301.8630
205.3674
5392.8509
5505.10226
4998.5795
7998.8005
1381.5756
2019.3545
3787.8484
1268.11542
4760.9660
7228.7740
2850.10539
4807.10628
5093.11098
1428.4723
3229.8924
2858.9451
2893.5987
5615.9716
3926.10934
4361.10824
1574.2935
6491.12158
8125.11651
10485.11814
5270.6204
2954.10179
7232.9186
160.5570
8024.8660
356.9095
3760.7016
7688.11701
4119.6039
5472.9682
1663.7867
287.2349
793.2728
219.1859
2033.7473
530.8664
2315.11465
10369.10538
8923.9609
6832.9831
3158.11895
3615.11026
9408.10617
3826.11495
3311.5094
5885.7160
495.8228
585.11174
1570.6308
4543.6152
6952.8416
6060.10034
8387.12274
3576.8023
6167.10881
2591.3508
5341.10713
787.1450
1009.1434
1151.7199
2617.8894
4825.8017
3041.5753
381.8116
7019.10621
3523.3957
2829.8391
4491.7544
3133.3566
4373.11366
2740.11364
3275.5968
11256.11529
3600.3941
1914.4960
2761.8904
10939.11154
928.11661
12.9190
895.1232
6851.8865
1685.7236
222.1470
4582.7089
4183.7590
1381.2154
1382.2749
940.10157
606.4439
9790.10539
3080.10184
1087.9879
5908.8805
1831.7420
8933.9442
2420.6893
3611.9111
2441.4884
9346.9833
3723.8997
827.1199
6751.8273
6489.10349
2414.2607
5467.7364
2035.9888
6336.10078
3997.9381
2486.5620
6331.7553
3889.8991
1274.10431
4232.9918
1756.1786
2576.12081
2371.6541
9868.10861
3351.11542
10037.12260
2421.5284
8270.11791
5327.5746
5493.8038
1307.1737
8075.8467
3668.10427
7284.7632
40.7854
6249.6752
4047.9624
2497.11066
69.7244
9035.11049
3586.10036
1910.4356
795.4031
9768.9880
1541.12133
4897.5648
972.9574
10524.10696
2522.5119
1565.2156
2465.7112
2814.9555
2516.10596
6631.8189
61.5487
772.9373
4451.9538
3025.7518
7911.11582
7493.7855
17.3278
7074.7386
8509.12370
4712.8994
7923.9894
9938.11237
3976.11273
3826.5023
4770.7581
9669.12048
6903.10865
4168.5623
5890.9429
4882.11598
4280.6766
4455.9470
589.3132
4891.11684
6723.10812
7860.9944
4274.10695
7778.8663
4022.12130
2568.11020
80.8638
2193.2590
7274.8441
4084.8683
496.2069
4504.7650
3406.6050
663.6418
373.6493
3421.6667
4817.11542
8996.10230
4907.6553
5001.9881
6273.8022
5797.9202
4070.9173
4986.9922
4387.6037
7191.9493
9884.11310
3424.12099
4655.6405
4437.4812
1207.1799
5729.6085
1966.5986
9983.11526
360.1379
4214.10732
5529.7589
3535.11818
3329.9480
6065.8387
255.2367
5989.6280
2856.6127
1063.9498
1494.2550
10057.11490
4939.12136
3235.8620
6355.12348
1204.1762
495.5855
10633.12138
2394.5831
1300.2308
2403.5848
3383.3940
1253.2340
4541.10803
494.8446
10102.12368
5788.6048
3192.6518
6838.11168
1264.5735
6205.10171
2365.12010
8959.9634
8080.11540
10310.10843
42.2115
2175.8010
11280.12199
3044.6916
3653.9977
2430.9318
6645.8180
6888.8777
5604.7736
6982.10907
1922.8336
1166.6567
501.7837
5071.11900
6213.8284
6160.10918
7163.11802
6154.8605
1649.3600
32.6095
8721.11082
115.6407
3480.6702
2882.2976
6467.10771
6450.11849
1632.7113
107.2803
2869.3598
4599.10277
2310.2632
11234.11966
1574.6975
7349.10595
3607.11840
6519.6971
4500.7503
4858.11078
4780.10933
3721.4091
7608.10276
237.4070
3089.6294
10846.11941
1316.9173
3064.11210
7138.7878
1001.9729
3105.5612
1461.12129
33.560
2466.9364
6890.7218
1706.6479
5568.5764
209.10254
1446.9968
6507.9610
5435.11594
6745.9056
339.1150
556.5505
3618.7612
4959.5220
5026.10504
4275.8366
6556.12264
1360.6223
9151.10786
5064.10116
9473.11203
1183.9064
3943.6433
2321.10016
2829.3557
3102.8534
2160.5915
8440.9122
4958.9509
1595.11753
4800.7452
3614.8070
2782.11287
3726.4871
4252.7350
7621.8782
5168.6523
3410.6899
5686.8247
5868.7547
3867.5459
692.2624
5837.8145
2223.2493
267.1147
5087.6265
591.11347
4035.11003
2268.2577
4899.6700
10010.10409
2490.12008
1674.5178
2546.4722
2248.12156
1273.10908
1402.9838
1082.4270
1730.5545
4366.7909
4923.8952
5917.10688
2242.2454
357.6486
8572.12154
4277.9543
9731.11899
3761.7017
3531.4734
2937.3249
676.5765
1079.5052
9937.12352
4980.5215
1164.7225
1865.11760
3590.11127
1051.11775
1322.2550
3938.6395
2430.3553
2719.11118
5687.9341
4922.7363
200.6535
4429.8809
3798.11842
6828.11053
6748.9654
571.9840
6623.11114
8206.8509
3595.9526
64.2636
6372.8182
1265.7436
1617.5175
9494.11147
1865.7288
2040.9458
4293.12112
371.11837
6614.11889
861.6903
4966.6786
643.1028
10961.11089
8054.9152
4204.9192
6910.7971
4661.10530
1872.7805
5999.10822
4885.12140
3171.6245
5001.5269
4578.6676
3196.6659
1969.5983
696.7128
1546.6687
3922.9344
11224.11678
3594.10284
3462.11904
10605.11110
6094.6587
5032.12275
9105.10104
6637.10558
10467.12007
5863.7805
231.10537
9343.11145
1476.6267
5737.7114
2864.9910
3161.6528
3392.10730
3793.8313
4910.6883
5278.7175
4900.9642
9760.10528
3733.9467
11381.11734
6962.10622
2113.5844
3854.6621
1218.11248
3781.8292
2944.6128
222.3141
460.10539
5010.6303
195.5370
257.5236
8976.11948
6315.11345
474.2678
6.7604
10024.12189
8317.10093
1272.7586
8909.9641
1745.7312
2648.10869
7947.10508
766.4717
2969.3453
5007.5497
2925.2948
3725.10684
5092.8638
3345.11077
8578.10153
144.2595
3445.11004
5741.7303
3453.12215
5066.7002
5079.9467
3068.7783
8084.12079
6781.9361
362.8958
1092.8516
3592.11090
6069.10509
406.533
3915.6762
5892.6088
624.5244
3420.7797
2614.6564
6461.10295
6584.7597
9155.9417
2749.6104
907.3221
167.7162
4413.5150
6846.9492
3111.3238
2832.7316
6637.8169
4480.8296
6530.9812
6397.7617
2318.2849
8581.12111
1525.1994
341.1540
6968.8844
1912.4596
4665.12191
1774.6759
5348.10106
599.3194
3136.9887
772.7320
5753.10356
2424.5868
7377.11568
1053.11108
58.9805
1179.8515
5998.8936
1746.10730
1241.5628
2270.9901
7865.11199
1088.6840
6188.10297
2668.4627
362.8572
2116.4189
4102.7081
2606.3312
7503.8514
5678.10502
28.10517
902.10615
7944.8572
6096.9241
480.5878
277.3510
8997.9905
1089.3952
9075.11441
2869.11743
5430.8511
5558.10142
687.9741
8070.12317
5041.7815
1822.10775
4964.6926
10458.10539
4832.10111
9069.10259
5746.9780
6749.11058
7802.8916
375.1770
11065.11480
10670.11000
1906.5266
3992.6316
6257.7725
450.11141
4100.10335
64.10210
1538.9380
89.11334
6225.10294
10056.12242
5396.11526
3157.4082
238.7327
2389.3968
1392.7081
3174.9148
733.9524
5521.9629
4258.9697
2523.3495
10045.11383
4083.8268
9420.11876
4729.9940
4871.9329
1780.10822
3375.11372
764.7071
9176.10962
5223.10625
3254.3685
2970.4720
1492.6001
11464.11758
774.7999
7115.10676
3820.8862
3856.9199
5938.7634
3655.3900
3564.8668
3746.5403
3624.5795
6189.9783
6009.6047
3487.11406
190.3493
202.7658
8023.11222
1442.7895
8511.8537
4830.11076
1440.10339
10133.11035
725.859
6579.7450
5822.6007
5939.8549
5499.8368
3852.4567
7528.10096
4145.4785
3079.7041
2699.8770
1265.2420
3525.6766
993.7877
6251.10502
1147.9085
2808.4872
4631.8581
7343.7434
578.9111
8384.8715
5458.12114
1726.9156
74.11838
1710.7449
3958.6926
5624.8078
6319.11175
3390.4126
4650.9335
3583.9790
1303.9299
7548.8049
4355.6579
2857.4166
1889.11169
579.2841
576.5813
3982.9822
4729.11277
1193.11517
7293.11810
1397.6182
751.10063
9461.10024
9623.11619
4459.10007
2987.3738
3658.8696
1026.2201
4513.7399
7433.9330
6668.11965
6935.10680
174.2920
2934.7104
116.11760
5967.10902
10852.12179
4771.7008
2226.10126
11222.11603
3255.4974
133.2714
7783.10928
2085.2141
3244.6240
644.8997
10591.11973
4002.7287
5635.8105
9073.10737
4070.5298
8059.10068
472.1372
2347.9335
4481.5800
3882.6901
2567.4816
1622.7942
2811.5256
1168.2254
2499.5957
4263.4675
1055.10022
601.690
138.5688
2468.7095
4259.6620
279.1165
7991.11160
8260.9994
9625.11256
4470.11130
6258.9786
304.3542
5821.12056
7190.8572
11436.11989
1224.8963
815.2829
6740.11769
1869.7054
7930.10358
5145.6470
8202.10977
2329.11964
1865.7867
335.1881
6585.10175
190.10889
10216.10911
2420.2571
6621.7672
1173.3398
4825.10442
6020.10407
2553.11514
7876.11927
2031.6021
9620.11889
7274.9436
5490.6167
6082.10739
3192.10157
1878.1918
8812.10868
3159.6917
1946.4462
3552.10227
7754.10587
2989.8094
3205.8380
215.8248
8110.11286
8645.10308
8838.9597
2102.10966
2179.5056
2786.9165
3190.5384
1764.2691
6415.6926
7696.9415
650.5858
5759.9404
914.7456
797.11889
7073.9324
94.11145
1449.12329
4255.7994
4706.11542
180.5201
1330.8202
894.11931
9308.11774
5040.7844
10404.12336
4569.9051
723.6947
1236.3568
1308.8562
6333.6727
10865.10940
514.5878
3046.9142
3153.12208
11207.11554
3010.3196
6655.9577
148.11512
8947.10439
6920.8044
1863.9810
2146.7210
1379.6162
4694.10024
1968.8660
6302.9406
2666.9536
4604.9850
2420.11944
10022.11977
2176.6863
8151.12342
9226.12134
1551.10048
3360.9234
9889.9988
6691.11294
673.2034
6535.11237
6010.12171
2368.10723
6755.8780
1950.4942
7341.11962
1867.5347
2759.6034
4145.12333
2457.7893
4367.10373
6855.8404
6930.11225
2532.8018
101.1074
1169.4084
3746.9453
1877.11103
583.12305
7831.10412
10033.10128
83.11689
5253.7629
9174.10205
2961.10213
2049.3222
2341.5358
3657.11197
1304.4269
1368.9506
5125.10710
245.6126
865.3893
4517.9784
11479.11957
4666.7633
4743.12330
5289.8740
5703.11101
2724.11872
6241.12066
322.10763
8431.9065
4791.5772
8504.11670
2858.10877
6475.7468
5150.7956
5238.6222
2840.12217
3385.8379
6774.12011
2345.9368
5.11292
5534.9511
1061.11915
5196.5676
1168.4215
1976.4782
2433.3366
6634.10811
6149.10070
3892.5381
6447.8955
1082.6264
605.10261
4169.11869
270.12354
1979.10877
4718.5713
8577.11770
1584.2088
5582.6151
2634.11662
2324.6921
704.2211
2880.11266
5482.10985
4278.9400
5997.7694
6314.7118
7011.9468
3115.8399
6984.7429
1086.9240
1713.11848
178.12374
5955.6102
116.7288
2360.3003
5881.11251
2207.12271
8345.11866
3008.3150
953.11928
4790.9018
731.4729
1761.10724
10256.10560
11113.11492
938.9929
4435.4639
8230.9931
3036.6743
2266.2942
8043.8500
7668.10363
2211.5039
2487.3486
8282.11617
3788.5447
2883.3422
2384.9815
3448.5728
5008.10475
5599.6077
831.2023
3709.5044
7137.9147
5445.7252
5504.11237
1951.2649
2408.6609
5965.8766
4892.11623
4465.7799
5128.10915
4281.12144
4620.7502
1418.2480
6341.8940
806.10399
3361.7058
2586.4648
770.6723
7331.8349
2133.11564
3226.8141
9072.10407
1534.10842
803.4425
321.9449
11865.12308
679.5003
9562.11373
7730.12033
6167.6495
5008.11861
1593.7043
3736.6474
2751.3583
5018.11416
4144.4848
3072.6837
6733.7170
382.6613
6619.11897
408.2202
2580.8773
3741.8324
6035.8894
982.10424
6686.10880
3759.8650
1453.8509
8647.10769
3516.3610
8138.12224
765.11535
582.1988
7245.9324
1467.2702
4014.4185
9973.12279
5679.8993
7101.11542
6024.6438
389.7068
5023.9493
5179.7869
2525.6183
6554.7863
1975.7332
2332.8671
908.9844
3961.8664
5928.9802
829.2741
5676.9732
2538.9143
7757.8917
3610.11033
9605.9961
4224.7481
6598.10841
695.9312
4396.9547
7298.10319
2986.8945
3438.4549
4629.7004
11236.11332
7640.10831
23.7586
313.7629
3677.7777
6873.7297
4114.5982
3134.8515
8984.12143
8815.10497
5250.11297
1610.7886
3869.11309
6500.12054
239.6661
2533.3479
2468.7806
670.2482
1874.7294
7651.9401
2804.4885
5964.7674
3379.4721
8451.10856
347.1392
7698.8083
5474.12135
4669.6172
2083.4406
3380.9336
8463.10937
11420.11996
2319.7539
4065.8139
5252.8235
94.1364
5338.8729
4284.10603
2376.3148
3218.3876
171.12022
1241.6784
880.11541
8586.10618
1968.8024
1695.11004
8032.9440
1167.4365
1156.5862
958.9237
4550.6269
600.9723
6298.9384
4892.7791
6363.10244
5017.8065
457.3059
943.3483
3486.5327
368.969
4924.9166
1941.6865
6377.11751
3152.10571
2379.5316
5834.6801
403.11131
4184.10650
3571.6114
3096.9858
9086.10098
5658.12339
2441.11431
5372.6678
2473.2725
3112.9925
7198.12219
1123.9017
7888.11081
1677.1999
5830.12117
614.11227
5047.5787
7114.9027
1184.8572
8515.10543
1327.3040
261.6272
2722.11982
6234.6438
6500.8062
7864.9600
2725.8094
3728.3851
9677.11586
6833.11943
1216.6226
1221.6938
4961.7081
8169.9138
9598.10195
412.979
1135.8570
5884.8691
9217.10562
4392.9412
3061.8687
2662.9133
1688.7895
3748.8194
1449.2085
1113.7587
4753.9294
7125.8730
1381.11276
4844.8940
4833.7601
3776.5900
3287.5377
10418.11359
3799.9880
7346.7777
2188.7080
7260.11665
5011.9446
907.7607
5614.7232
4409.10241
1009.4602
507.2152
2855.11692
3354.11645
21.7447
1612.3430
2878.7592
3301.8340
4970.9781
3403.7182
1451.3576
7411.9495
948.10651
709.8387
3617.6741
8895.10500
2060.9445
3681.11721
8346.12241
10095.10823
4254.5317
9113.11363
2681.8643
2282.6754
8300.12085
837.10494
1851.11348
1505.7065
2289.10502
3570.9391
1146.11452
5205.7208
7709.8545
3074.9337
8388.11384
119.2395
7992.10155
6987.9579
3000.3910
6260.8863
1851.4107
4510.8453
2254.5364
3851.10035
2550.11256
3663.5090
1394.6169
636.11669
2169.2997
7979.8201
1276.5692
1465.6963
7485.8758
4149.7966
7175.8094
5378.11249
6301.6384
442.9326
1277.10580
3347.8320
1824.7395
622.8886
1859.3298
8148.8767
1245.10516
3063.5652
652.11327
1849.2528
2733.8968
4010.7578
1449.10853
619.8429
10743.12016
5462.11162
1601.6985
4761.6178
1255.9431
4511.9153
3831.6749
4565.10760
7490.12005
505.1091
10687.11914
7177.11975
247.6698
1138.2123
4551.8823
3085.7840
1058.10362
6635.8179
6984.10146
10225.11810
7419.11306
5035.6296
1559.4216
1690.3288
3724.6860
6824.8287
6056.7112
727.9120
2088.7824
1719.6119
3262.6886
3599.7390
7498.8051
5411.9023
2294.3209
3503.10546
4334.9582
5842.9525
423.6166
3504.5571
6443.9978
4324.7468
6326.12029
3643.9663
5899.8496
6242.8976
7348.9686
5851.8885
4077.10286
9460.9631
4276.8555
3312.9984
6997.10847
9650.10857
5380.11861
5123.11495
2151.6071
2608.10769
11319.11403
569.805
3872.9037
51.7950
6147.8339
1270.7626
5573.10014
11658.12196
6764.11872
2941.8329
7435.9001
2835.8782
9545.10602
3163.12042
4166.11191
1644.2686
6790.7601
2484.4866
6003.7131
7714.8234
661.4873
3188.6693
4997.12031
4541.6248
1858.6834
3820.6381
6875.7758
651.5955
2254.4070
7166.11196
7514.11518
3198.7952
5298.9173
2959.4145
2421.9653
5473.10029
4152.10907
653.3087
130.4552
2687.5229
2420.3996
2892.4171
9751.11084
6076.7693
4757.8551
52.2801
1481.11846
11485.12059
876.7535
983.4881
4886.5309
900.11797
7029.9592
9510.12110
9490.12109
6644.8204
7842.11859
3995.8878
4233.10665
1083.3786
5774.9845
2866.5522
4166.5165
4423.10602
8714.12150
641.5727
4466.5952
946.2606
1674.7846
5420.7890
3584.6111
6459.9957
7787.11859
3098.6360
1838.11551
8954.11177
9932.11384
4806.11138
590.12078
2535.10199
6501.9982
9045.10575
512.7545
3574.9708
5700.7887
4026.8831
2029.4029
9227.11128
7323.10076
39.8424
3874.10631
1390.2684
1574.11004
3076.6052
5812.7051
147.10639
5332.10793
549.3253
6132.6963
8941.10931
3350.8651
11335.11511
2815.4619
1736.9432
6261.7599
436.3158
3847.3899
1972.6057
11751.12354
1522.7853
7551.9223
4622.8293
4900.10643
1413.3270
2265.12141
1527.4309
1905.5772
8788.11859
8236.9628
10700.10710
1895.8014
6046.6516
5786.11616
9521.11179
7114.8332
2903.10127
1165.4383
6736.11469
4043.11187
4458.12035
190.7457
5957.9836
3237.3693
1237.2462
8133.9915
270.11220
8225.8734
1813.8402
1144.2014
1640.3671
3834.4634
8569.9651
5589.6531
1838.9498
9343.9649
1525.8967
5135.5250
1085.6430
9445.10482
1340.8534
1346.10593
1409.12296
388.6293
2299.7899
9036.10971
2931.11856
3626.10150
4538.11542
6708.9694
5082.7094
9310.9387
10629.12058
1152.6238
8407.12269
4209.9339
657.11716
5868.6176
1024.6168
2044.3629
6491.11042
9429.9607
9015.11833
7122.11948
6065.8732
3523.7286
5385.10539
10461.11330
5192.6502
488.7513
2474.9842
5043.10520
697.11073
2077.8515
1448.4188
4349.4635
2078.11366
2606.6155
4502.7394
11906.11974
6448.6789
3685.5644
6389.10679
961.9681
7447.11424
1630.4158
1100.10787
1392.10348
2710.11107
7716.9193
4145.6825
2309.3309
5646.6125
5864.9673
4774.10413
394.737
807.10990
7462.9695
2224.12194
5699.5854
2383.2762
4147.8482
8387.11312
2255.3800
4705.8635
3411.7749
8567.10627
1170.9483
2816.9602
2100.8315
445.10000
13.9964
9928.11607
3214.11934
2393.9210
4794.11198
90.1483
9096.10427
2167.4040
5906.11258
8068.11789
3758.5883
467.9283
4166.6925
2472.6438
1586.6187
2516.6508
7262.12015
2183.5037
280.940
1584.3924
3175.5814
5619.10325
476.7384
7526.10291
3048.11960
2428.3637
1454.12149
5875.8031
9455.11638
11668.11884
1374.8131
1411.10420
176.7479
1956.10092
1707.7321
3230.9575
4702.12370
2229.6898
7594.12028
944.1855
5870.6265
9228.11270
4121.7481
2845.11798
1834.7000
2698.10465
6204.7291
299.4013
879.8571
4738.6204
2048.2382
10428.12297
9802.12334
6711.8115
7243.7633
1054.2676
6716.11018
2144.12039
1075.8430
123.2672
3147.9527
6062.11919
5976.6913
7687.9462
470.6591
7684.11901
10154.11998
5449.8084
4507.9452
9588.12074
9760.11211
2327.5592
2790.10341
2369.2370
6641.8169
1462.8178
5294.7375
6188.6749
7335.11260
1356.12183
5693.7541
9508.11760
399.6566
1512.11324
35.11343
10150.10884
3456.11162
4671.7635
9595.11129
2011.5913
2.907
6090.11128
711.2910
2526.4528
7483.8190
75.8120
240.9624
573.2917
3373.9248
4166.11045
4193.11629
2982.9120
9358.12358
6434.11095
3130.4450
2979.4370
6388.7772
3246.6743
2136.12052
5185.6253
7955.11505
907.2231
9130.11585
857.7444
282.7024
5085.8100
2659.7161
7214.10858
2105.7428
3072.3284
7759.10004
5290.6835
3537.10499
10220.12157
2678.11093
796.7064
3315.6066
5375.11912
1360.2725
2796.7232
4118.8229
4921.6804
3970.6690
1179.5705
4956.8889
7790.11830
7982.12208
9129.9300
217.4691
2694.3167
3562.3936
10022.12378
3946.11554
4359.10921
1970.2254
7126.11027
6098.6375
11326.11839
9211.9508
4987.12318
1163.4463
2956.4727
7132.12037
1064.2092
24.8113
2333.10463
3278.6438
4236.11237
840.7368
5295.10565
5004.10810
3290.7222
6423.9294
223.2775
1718.9849
2725.2917
3930.7761
6744.7712
4728.8181
7211.11283
7553.11583
5162.7915
6004.7542
1392.1672
1931.10806
8162.11382
203.6950
9205.12025
890.5973
5805.5943
1310.9792
966.4582
9000.11948
768.3758
6143.7450
10196.11145
5801.11844
4700.9997
1639.3030
7.10548
9270.11074
812.10573
5071.9373
7477.7569
3038.6226
49.6578
8751.10274
637.11731
6552.11249
5604.6308
6902.8390
5058.7643
4973.10369
1766.11753
4233.6915
5508.10638
9853.12023
1178.11111
10177.11050
2769.6159
1704.3140
7153.11004
4090.5250
454.7906
2226.6366
372.6692
120.724
8118.10452
10606.11004
4862.6101
1451.9634
1151.7535
9166.9862
1134.9857
11406.11542
5823.6972
1571.1807
988.4747
3419.9525
7106.11647
3765.7969
3538.6798
2867.11524
3053.7346
5135.11666
8642.12014
8915.12223
1885.5532
3486.7368
477.7552
4215.9173
682.1364
964.7523
1316.5364
89.3676
10308.10812
124.11823
6115.11219
4513.5180
3908.5619
5143.11627
7274.10960
6045.7168
8920.10103
1038.1198
6345.7250
7301.7553
2343.6838
8459.10131
10138.10331
1233.3654
5620.6550
6627.7772
5554.9820
10857.11761
9385.12147
1987.7387
10866.11329
1883.10336
4353.10691
1464.9256
5281.11739
9809.11924
4837.7835
963.4359
3565.10381
1598.8387
1693.7619
2612.6088
9204.12338
111.9904
3647.6911
8613.10941
2895.9905
3894.11491
3916.7873
3561.7055
4772.5391
8735.11162
6255.11484
5233.11288
314.9195
611.5477
3544.5438
4531.5779
7174.8861
8114.10116
364.5171
4707.6931
7867.8894
1120.9339
1773.2252
2859.6436
8443.10011
6310.11143
3855.5922
1337.6616
805.2066
5246.10600
700.1639
4166.10927
6499.7662
1864.8515
2222.6494
444.10890
3449.7334
1554.3313
3465.9386
1871.10611
4166.6188
1436.6041
343.9127
3985.8486
2232.12295
542.980
4015.6527
828.5380
733.968
1600.5005
1405.1974
7491.8466
6703.12198
6611.8694
5418.11674
2419.9280
10553.10793
4892.10995
4403.9598
660.2336
4631.8169
3222.4819
7813.10804
5951.8952
4183.8047
5087.8515
1368.11264
2314.4547
1096.11653
3930.9170
5141.10606
3569.4914
3042.10781
2114.9766
864.2874
9362.9954
5167.10580
8262.9866
4728.9829
1013.4136
2577.3839
1297.9264
237.2254
6308.9412
3803.8048
4062.10545
2770.6278
8442.9899
11186.12220
3216.12089
7746.9157
7941.11197
160.3670
899.12322
4765.6012
5336.6672
1479.5177
7983.12366
2752.8322
5921.5941
7061.8687
4311.5000
2509.6565
3319.11471
6192.9549
4237.10647
5845.9335
8153.10829
2940.5198
3106.11724
7779.11783
4965.7941
5495.9850
5545.6457
6679.10119
5760.10967
7613.8657
1926.4201
1806.11666
1014.4186
5929.10729
4329.11388
3891.9189
662.10631
2420.4210
7667.10741
4088.11152
4331.6505
2625.3943
4639.12153
2198.10940
7544.9493
2501.8515
6274.9512
5230.11321
5391.11157
9274.11432
1080.8128
4641.7559
3472.11501
8515.10262
4357.11728
984.3942
2053.3119
2275.8036
4075.11902
511.11497
9530.10473
1430.6483
9782.12114
951.960
11069.12271
3440.8364
2908.5411
7719.11006
145.5336
3423.11542
3586.7267
4915.8254
1526.9561
4774.7529
5241.7655
2500.5008
10266.11621
2810.9854
4854.11878
799.8948
7128.8212
521.2919
4539.4846
7198.9443
2085.11857
10601.11485
1726.8316
5291.12321
11295.11970
1723.4776
8638.10337
3312.8375
4307.5669
7162.9477
8757.9456
6375.9180
274.9182
7570.11274
6439.8771
746.10152
5643.8465
4995.11629
2899.5895
9649.11563
1447.10852
8795.11269
2219.7026
8946.9985
1179.10472
4993.7594
6097.9168
610.7143
4979.10559
2700.10644
1287.2677
5324.10875
1427.4977
2591.8965
33.11663
2674.7922
3439.4900
4601.12002
8704.9088
1755.11515
9157.9328
3379.5286
6188.7251
190.849
2685.3940
7577.11267
2503.6658
7666.8618
3423.11207
6135.11900
8338.9124
5099.11968
4576.5611
5835.10324
5601.9664
6588.8825
8367.10001
163.10774
2348.6810
648.5342
244.4455
4172.5860
3591.5136
3454.9363
6719.8545
2467.9487
3190.9175
9896.10253
10051.11245
1190.6161
5524.10673
6667.10666
452.6734
11812.11835
6514.6663
6339.11199
3254.5002
4858.7187
3138.7908
4971.6124
2664.11950
1417.9524
758.11539
1032.1544
4203.6220
4888.11850
4573.8752
4645.4969
7285.11215
422.11366
7354.11767
4308.11167
2388.3369
6635.11922
44.8515
7769.8919
2316.3213
3213.9179
8580.9101
3035.6279
1058.3845
4813.7969
5671.7931
910.9028
9963.11478
683.2909
8501.10046
4900.8515
1263.3758
2375.3485
1044.8913
5300.5711
6769.8700
4663.7894
2501.11154
459.7235
369.7361
1861.5710
1251.6399
4931.7081
1416.9821
5479.7263
416.11137
7237.11050
1671.10150
3701.7607
290.2571
2141.4501
7596.8485
1670.9014
6327.10663
4944.10757
2088.11202
2191.8249
3527.11515
9648.12162
2563.5023
280.6518
5954.12069
6499.11591
4418.5636
4145.6340
3750.12174
2830.4779
11549.12146
6913.10135
2110.6900
4273.7360
3885.5096
1773.9194
9435.12096
5959.6883
342.8706
5802.10827
1180.8426
6571.10787
367.4957
4937.11160
116.9508
2042.7342
1386.9246
8255.9672
7507.11376
1639.6188
4498.6053
401.8800
1304.9147
2982.9146
6016.9409
2891.7536
1361.3880
11901.11954
4664.6726
4443.11737
4651.12051
3944.8953
518.10770
8413.9671
3528.6260
5253.11054
5604.11952
4677.12252
6717.7151
4333.11352
3018.6602
2935.11004
320.10847
7145.9567
6449.9774
12113.12324
411.814
684.10822
2842.9801
3399.11225
584.10972
821.2636
1039.2565
4050.8619
1826.10310
2981.3314
1876.8966
2898.12127
2587.4764
1480.9167
415.10044
2932.11358
2834.3283
4519.7196
316.1753
5076.10544
673.1176
808.11011
5260.6559
4343.8494
3913.8369
5114.10698
112.10905
2287.11886
5945.11653
1623.9405
4570.10089
121.391
2249.3370
10159.10567
6012.6874
3002.6928
9921.12225
8959.11329
4946.11213
1298.4164
7554.10762
1599.7651
8174.9012
4310.10073
3471.8493
3391.12061
9355.9489
422.2078
6488.12013
4574.7628
7890.11939
745.12029
4084.7845
3555.11803
7772.11672
2227.8661
410.4640
1076.6849
2725.6925
7990.12151
8551.11983
4282.12097
5531.8344
2603.8674
10196.11563
1149.6059
3648.10122
3576.8959
772.11900
845.9777
78.6472
6665.9356
4684.11682
4352.4628
11106.11979
300.8339
6497.8709
6441.10833
4104.7836
4835.6416
3135.7444
10176.12066
93.5254
465.8677
407.8356
181.4238
9585.9788
7937.10188
12342.12369
6217.12169
8015.11681
221.5218
1268.4585
10545.10871
3126.5195
270.1076
4393.6695
11571.11624
2589.11899
6535.6772
5649.5704
1292.7392
270.10436
4155.9766
4870.6814
5153.5798
8428.11755
1561.5684
6088.8387
4115.4851
1742.5732
6011.10489
5197.7407
1171.4046
3744.7760
9249.10983
5190.10134
2235.10783
3312.10731
6026.11390
4011.9643
9285.11590
7488.11545
5510.7232
5259.10330
6328.12128
2130.3700
6061.7499
2017.12373
5052.10289
298.3667
1070.10584
7854.11736
8701.11180
6236.9454
3453.6382
7020.7223
3002.8079
2545.3676
5097.12342
3324.7753
722.5713
146.6362
6750.8318
2206.6515
764.7629
3825.7697
2126.4445
8807.10996
6276.12199
140.2323
3901.4676
1414.2291
3023.7415
1338.7901
3964.11560
848.929
1183.7734
5619.8908
5065.7217
6046.9139
2830.11220
10768.11655
2.10515
781.9603
85.10696
7546.11145
609.9714
1572.7989
10065.12141
2675.10401
4191.8481
2748.9093
4219.5815
3158.11958
978.9048
5579.6518
7179.11508
3253.4938
10519.10842
2510.3246
3091.8190
945.6756
196.2141
4074.5250
2862.4362
8796.9700
815.11874
5797.7792
2325.9314
6349.11593
2886.12303
8712.11706
813.10656
1862.1902
10340.12235
1019.6241
868.6629
2420.8085
4166.11107
3269.8975
1921.5237
1257.10720
3931.12257
438.2235
3636.11701
3348.9471
8372.11284
4208.10678
1647.4658
375.8012
5123.9616
217.11772
8382.8717
8364.10626
5318.10059
9593.9785
8371.11717
1604.5421
9581.11900
3499.10625
2088.2376
2089.6673
2244.3512
220.1197
7232.11197
818.4427
3467.10503
1624.10238
6246.10599
1401.4767
74.6493
4623.5413
2971.5225
10162.10945
883.1333
2544.9233
1443.8098
487.3963
2647.6429
1837.1991
2130.11859
8363.8888
8335.12179
805.5111
3844.8660
2933.5080
1379.4526
1130.3332
814.4656
2596.7365
5067.6920
7867.11948
2324.12001
1193.9885
3485.5883
4886.12119
3969.4442
8842.11888
6983.8839
3768.8484
4035.7697
3826.4491
4796.11831
3073.5275
2362.7843
4559.8417
3443.7874
100.6540
114.1244
5250.9410
9452.11401
7978.8169
1629.5746
3304.10572
7795.11344
1389.10671
10386.10427
6511.10657
9672.10344
1903.5672
1168.5364
1726.6099
5219.6823
2393.7368
878.2985
1531.8092
11290.11512
7549.8242
666.3616
4247.4553
1575.8894
7577.10390
2550.9973
5323.9578
3418.8789
8959.11325
5981.9429
4649.5916
851.5541
9002.11666
5356.11762
2063.9991
7083.9855
5825.8592
6147.10539
6967.10997
8951.10671
4757.7723
5523.7553
9286.9710
2925.12278
6766.7932
6807.10500
8400.11685
132.10726
426.3556
9817.11666
3983.8515
8559.9118
8749.11022
3532.5657
182.7081
1249.7078
668.3936
4004.9665
2453.3597
1380.9451
6369.9250
1961.10272
1311.10567
7586.11926
344.2263
202.6173
3004.7879
6621.11738
7388.7961
2645.10904
4166.12176
3716.5949
1919.4490
6445.8628
3521.4716
1773.6749
4508.7737
2710.8995
11702.11764
1949.9876
4557.11717
6256.6487
1533.10263
11374.12367
5002.9978
4865.6496
6852.9244
4098.12083
6960.9546
5337.9106
2660.8242
4817.7968
2210.4629
4814.7576
6605.7600
9444.11579
8601.9627
1415.4138
11481.11548
7782.11493
8812.9018
1579.8194
2670.10418
2168.5413
4313.4947
3137.9115
1985.8901
6636.8927
3914.8411
4130.8972
2701.7720
1685.10288
6887.8680
4064.11612
2155.4753
2095.6122
4042.10420
3679.8021
11787.11987
1158.9224
3889.8297
3707.7445
4327.9005
5868.6409
3535.6031
1840.3783
6423.10291
1099.8997
4572.5820
3222.6991
1372.4680
2922.7636
7013.11392
1563.10789
4718.8096
66.4037
881.6576
125.794
3812.7690
6010.7957
2002.2358
8818.10595
2412.4783
1629.7368
1183.10704
209.10654
618.2489
2336.7871
2582.4892
911.9836
349.10311
4215.5364
76.1739
9569.10782
1079.5714
3796.9048
5795.9981
6324.6575
10113.10464
1659.9507
4899.8354
2592.9429
3515.8665
3183.3968
0.1329
2840.11021
3155.5027
94.2405
6953.7807
1507.5159
3672.5078
2533.10434
3585.4897
4729.8682
1996.6978
9277.9927
7385.10323
10062.12114
6147.9707
1265.6233
5044.12262
6259.7572
5850.12108
8223.10282
2890.3202
6084.11550
7348.11418
2784.3457
1699.8574
11080.11261
1317.9947
8333.8595
1542.6895
2775.9465
2425.8669
8959.10866
1140.6648
3064.8103
5137.5212
2012.10844
5020.9161
3904.4166
1051.2225
2237.7876
1456.9989
4537.5188
3337.4725
5881.10873
3783.11569
5048.7052
3907.4900
4350.10956
8482.11189
2445.9488
11246.12091
6903.8259
1605.8631
4369.8197
8972.11867
7461.8171
425.5058
10267.10873
9447.10456
2203.9895
789.2121
3178.7069
1950.2253
4777.5082
9304.9395
92.4068
3688.5859
6143.7781
2750.8918
7447.11221
3606.10239
2177.10782
3835.6870
2150.11433
3131.5227
6914.10617
6309.10395
8057.9717
1992.9657
5407.6630
7141.8554
1276.11710
4583.10395
4382.9718
1947.2960
833.8623
1618.3485
1498.2096
5146.9166
2801.3815
1062.7136
8872.10696
3397.6688
656.3859
626.7393
4667.5053
2650.4984
11657.12239
113.4843
6421.10243
2519.9763
2293.10308
1661.3052
6980.7703
776.10642
901.6237
7365.9439
7870.9920
2867.10210
827.10656
1010.6080
3376.5226
3057.8797
4593.6880
9484.11948
299.4892
256.3601
3775.6134
2790.6167
9135.11620
1131.11705
7226.7603
3603.10923
5042.11075
1389.3417
8548.10747
3393.8997
2840.10189
9061.9079
6524.10556
5500.5699
8603.10468
8862.10943
1434.10705
1392.7801
4294.9103
7906.11217
8560.10375
7988.9709
1726.2465
1722.11604
4534.5723
443.2578
8562.8868
8944.12182
4960.9776
1425.3066
729.1429
6664.11835
6162.10398
5556.10052
3290.8065
5738.8624
10543.11134
3690.7827
2479.11616
237.2279
7742.11216
5276.11770
2949.8905
2175.5747
9783.9832
6712.8025
8811.11616
3245.8945
1697.12060
10689.10940
435.10592
3158.8582
2686.5189
8143.9861
764.8293
30.1210
3778.8467
1692.8843
6733.11673
2594.9790
1747.10660
3967.10191
110.10407
43.9078
6203.9258
10257.10583
4399.6121
2746.3739
215.2448
3979.11482
5014.10280
4895.5346
4515.8912
6710.9429
510.9830
2390.7234
3731.8572
64.2061
6188.12121
4250.10826
9.8472
11012.12287
968.8995
9870.12080
366.965
11200.11507
215.288
2849.3817
3413.11346
5948.8146
3049.11030
3558.3861
750.3937
2679.5173
5222.9676
3734.8630
2673.9825
2588.6595
4371.10478
3141.10848
1299.10752
3253.6604
71.1280
6353.9109
451.8287
4302.8890
2936.8353
4145.5937
8208.11948
7119.12355
1166.5828
2082.7018
199.3865
8964.11584
5575.10392
402.9252
3047.12024
2439.2692
3639.9376
2180.3577
577.7580
8638.11986
2302.12367
1513.2716
520.5492
7447.12329
9025.11539
1323.12088
2982.5105
2927.11962
6313.11162
7673.11754
3447.7108
1723.6766
1860.3173
3450.4607
563.911
4834.12205
3328.6850
3769.9034
5911.7486
5306.6747
4900.11089
4246.5971
4540.7271
3872.9026
4924.6534
2450.6794
3668.7984
2128.11691
665.9694
6150.7111
2894.5348
4867.10667
3960.6254
172.6795
329.4805
5144.7659
10292.11387
5380.10475
4021.6062
1473.2840
4146.10883
11696.12265
1012.1986
930.2273
5577.8183
3211.7104
424.10727
498.2847
67.1870
6775.11557
839.1792
11057.12329
947.2703
2831.8253
1051.7941
9100.12291
3233.8287
2070.10371
8955.9883
6486.9966
4926.7862
6231.12021
6188.8970
3007.10748
9059.10306
1539.4153
8509.8521
1655.6434
6070.7205
6868.8651
4817.10197
1460.2653
5299.7810
2586.10193
4166.7248
2126.10279
1846.8627
4133.11770
421.10326
4193.5282
1993.11060
3172.7588
4359.9421
4922.12316
5834.11247
2723.7625
7007.11260
11235.11385
5758.8509
6207.7003
4300.6815
1245.5870
1.3293
10242.12046
327.11597
5033.6531
1499.11437
791.7348
1493.5713
1357.4235
6867.11804
1398.5357
10110.12067
2185.10248
5207.9046
7645.8959
3498.5368
7912.8894
3821.6791
6797.10632
2795.6352
1508.9897
1343.9960
917.7868
3217.10581
2798.7104
5087.10516
7382.8522
10634.11714
3847.6286
6584.10589
3095.4657
6091.11048
10234.10347
4020.11078
1086.4198
10849.11029
828.10475
4892.9322
8014.12103
5315.5780
6243.6878
4746.11887
559.1126
858.3909
3477.8816
5682.6088
3331.4913
4190.7462
38.190
4985.9882
5118.10140
259.8306
2579.6905
6157.11025
1971.7747
6206.12132
936.6437
6324.6510
7035.8822
3908.4051
3398.8124
9067.10112
744.12371
4898.11117
3343.11112
2024.9574
2888.10478
2018.5525
9747.11606
1240.3820
4173.7593
6722.7867
2442.8776
1859.7673
1016.10791
4148.4536
379.1496
9872.12168
3599.4455
5751.12141
2279.4215
9850.10009
772.9451
196.7229
217.3295
3334.10571
3640.4315
327.7014
2360.9797
2424.6176
8921.11257
6377.11256
7344.8396
1042.8256
4019.9082
6406.8664
8432.10232
2262.4586
6793.8186
1011.7238
860.6698
7900.9609
12087.12130
3587.4142
10222.10333
2725.4900
1029.2928
3474.8920
6555.10707
1175.8910
3114.6976
5713.7662
1803.5139
1141.6990
1894.7940
2973.6012
2131.5641
11.2276
3772.8169
5527.7127
2304.3857
11121.11704
6819.8019
7965.11705
3980.9372
3218.4943
6195.7290
3043.7866
3514.10579
828.10547
236.10351
760.1800
8525.9080
4336.11688
5209.6470
7235.11838
6032.7067
426.10798
7351.9632
6579.8918
6585.7471
519.1372
111.4912
6981.8671
74.459
2725.6407
8387.11605
743.9412
1408.9003
1560.9560
5485.10728
4516.7489
3990.11896
4724.5279
3264.6413
9639.11218
937.11580
3034.6856
4568.6242
5905.6551
8144.10384
2436.7762
942.11172
1933.4709
2204.11395
7144.10523
5456.12331
3012.5769
1172.12193
3958.11440
6416.8409
7320.9451
642.6854
1103.8866
554.1802
6242.11948
1804.5451
2337.2506
995.11204
293.10878
2279.9173
2176.10400
5565.9021
3874.5491
4827.5557
4901.11142
1726.9475
123.1778
265.7402
1634.4320
4631.6208
1359.8219
2037.10511
4983.11455
3913.9601
2734.6948
2173.3253
921.4633
8186.10492
5836.6149
1540.6903
999.4415
1115.9474
6534.9166
3971.5357
764.1558
1051.4176
1907.6272
5296.11089
3223.10291
6404.8455
1066.10590
5378.6854
1388.3451
4139.7647
7868.9929
9024.10285
1293.6971
4166.7447
439.4908
1360.7699
3596.5455
7574.8281
931.12332
6492.6973
898.1687
2359.2982
544.1795
3871.8774
6959.7447
11934.12137
2747.3097
1366.8218
8046.10989
9262.10479
6455.8632
4892.9149
2364.12201
1234.3575
6574.12273
6776.8647
5431.5629
7250.11515
4205.4624
5846.6885
3735.4382
2497.10275
613.2052
631.1887
1554.6427
358.8045
4140.6219
4854.5025
1279.1696
7049.9248
1821.8478
8707.11467
5293.6067
588.9399
4894.11853
1022.12044
2230.2361
7278.10751
3604.5603
3691.7006
1105.8542
3789.8060
4468.12284
710.3862
9887.11809
6434.11911
10191.11320
1569.2009
1844.7960
4375.8532
906.4879
1637.10223
2143.4739
8550.10929
2728.9039
9641.11234
7197.9622
5074.8627
5470.11461
9463.9906
2472.6936
6212.8517
8509.8972
4085.9638
968.7280
849.2779
6252.8515
1399.11410
728.8647
86.4054
3123.4733
1051.2532
3742.4382
1781.2220
2484.9392
6162.7355
4422.10581
3000.9060
5249.12092
738.9080
4320.6319
4524.10080
4925.8158
1340.9757
710.3476
191.12055
3162.5713
4150.4683
82.5566
1196.8252
4636.5766
5762.12081
3109.7977
6587.9441
305.3718
1463.2943
2211.8534
1651.8422
4112.5705
703.3002
3338.11861
5720.5720
10352.10516
8843.10735
530.1268
2857.6746
1896.5996
1932.7660
820.11732
6338.8929
4709.8750
4713.8989
2596.9439
7715.11170
5272.5607
3855.8771
750.4953
333.8277
6681.9193
10260.12269
2523.11105
3645.11102
123.7916
712.9243
2760.3099
4699.9056
7469.11770
6549.12361
332.1726
7063.11620
6133.6971
2328.2737
4060.10032
8515.10516
4394.6551
1419.1490
7805.8997
864.4289
1769.4730
4115.11506
3928.7538
2716.6590
3539.7635
6732.10925
2794.11527
2735.4903
6593.9737
6325.10316
1469.9178
1260.7171
5579.10157
4768.10401
547.2201
2176.11407
11186.11652
6911.12214
3993.9359
2637.3838
7062.10140
142.8509
3282.6221
3858.10169
4643.8720
9225.10936
6078.8754
5918.11341
1671.8986
693.7350
3104.3955
1744.6088
116.8894
194.9642
6592.9183
8681.12160
3481.9759
4144.8285
1608.10922
3274.3325
7912.11919
4452.8957
2536.6307
5439.11822
343.1597
5258.10201
3396.3543
7939.11526
2731.5964
3310.5829
4111.9684
2485.9278
2516.10909
1076.11751
4602.10705
2581.7366
3873.10881
1750.1856
4689.10895
1228.9019
2683.11096
5082.8418
11826.12208
506.10661
6458.9758
6845.10488
3605.4113
588.11375
6621.8509
1380.5071
885.4407
2172.11868
1897.3415
5654.8754
1891.3260
4660.10630
1269.4561
757.5869
6892.7624
2066.9930
5319.8558
2135.5040
3806.8611
3890.6139
6832.12034
4177.9343
3222.9828
4441.4493
3322.12240
4647.10734
828.2763
1899.2184
2103.3529
2884.6778
8959.11222
1211.9387
6113.9058
278.6038
4068.5072
7475.8298
2111.5280
952.8053
2841.7254
1537.12190
1728.3514
4166.4821
1351.5924
7630.11515
4554.9398
3244.8226
2396.9231
870.12342
4303.5669
3452.10022
4285.11718
6414.7013
2846.11284
3453.9824
135.11851
431.6949
5942.11139
1502.10395
4697.6585
81.2019
1194.11905
226.5883
649.11309
5800.8920
4497.7453
6452.9730
2056.4842
3489.4370
862.6268
710.9524
5689.9748
4376.5793
6013.9479
1575.7288
1506.10516
3312.8087
9770.9815
4268.9532
9865.10759
1325.1526
1095.6659
10697.11451
5406.9667
2524.6133
2797.9309
4321.10247
3121.11155
3620.8745
3338.10475
2292.2552
745.10857
1757.5441
2107.9130
737.8521
3832.8660
1097.11259
1701.11519
189.8117
716.11752
1567.6827
4594.10851
10862.11504
6642.9001
4734.8101
712.6757
985.7863
6324.8237
6907.12321
2264.10001
4530.11229
2606.3488
7836.10107
10710.11840
9633.11009
155.3712
3581.9704
1592.6375
5124.9010
4360.6334
3342.5562
4902.5015
3986.4710
8033.8444
688.5492
4755.9674
6854.11249
1234.3019
8645.10812
1984.11933
3272.6297
4766.6901
3169.5306
1859.11754
7638.11890
2698.4603
1636.2553
3274.7103
5947.9242
9940.11159
5768.7981
1574.10024
3368.8940
2629.9689
6456.6731
2022.5360
5310.11149
6928.7826
1242.5551
3682.4826
4184.12115
1957.12351
2039.5963
6438.12116
6401.11816
2972.9548
5840.6765
8475.12090
3506.5206
5379.11670
4769.8461
536.3002
6400.7788
4824.6116
7525.12128
8353.9063
2778.6649
6367.7905
7268.8192
210.11065
1851.9166
8890.8925
8641.12341
2861.7397
1071.5962
1160.2108
2417.11703
739.12293
4109.12299
2544.8688
2075.12142
1187.6721
5087.10352
9990.11648
1046.3599
3438.9965
9191.9816
872.1193
8194.12298
6027.9249
3323.6180
2118.6125
3838.8676
11715.12122
9166.11348
3526.4198
8821.10742
3381.3425
4729.6438
1164.9414
4517.8352
4642.11783
2272.5082
8035.11061
340.11442
29.2768
597.12313
7005.9513
1888.10355
1839.3347
2165.2343
4410.12114
7772.8836
5782.11085
4444.4535
7540.9652
1806.7558
2232.12174
2823.12226
4817.5060
2130.9623
5393.5800
2007.6896
7182.10773
6131.6605
7045.9558
3955.9600
5737.8210
11055.12236
6894.11679
1849.2983
4020.9573
9254.10993
3895.8077
3758.12247
6474.7805
781.2444
3225.7070
3336.5633
330.2918
1055.7727
8741.9551
3239.6065
8592.11666
4213.4792
7287.9159
6042.8408
2634.11460
181.8449
2505.6697
9271.9478
5480.7205
1794.5156
494.12203
4045.9848
1771.4707
10451.10850
5440.6879
2228.8548
6352.9208
102.11774
10129.11448
3353.4460
1591.8098
380.9998
116.6035
1597.9177
9077.10386
3988.5742
3802.11695
7288.7912
5887.5970
2284.12032
2726.11372
8973.12212
4571.11337
2426.12153
4137.5524
9033.11944
778.4024
602.1928
4162.11237
4395.12345
1589.7186
6773.8845
1866.8585
2190.2495
2730.8491
4982.6742
6621.6729
1772.9383
11253.12284
2164.3828
5958.12245
5555.8522
2807.3559
3278.5533
7796.11984
1498.7001
2131.5191
1789.2880
2021.2164
252.11412
1521.11971
4871.11711
2837.2923
1252.2046
6290.10772
243.11167
367.8813
4478.9673
9131.10554
2371.5321
4855.5888
4242.6428
840.12359
2819.3994
1488.10430
1084.3753
109.8968
3432.5059
10202.11067
4328.6348
233.2992
528.8853
1957.10838
4069.8854
1315.2640
3496.9666
1076.1411
3501.5486
4076.8543
5781.10160
5444.6465
4276.11546
8686.11377
5549.6337
1214.3200
5109.8702
160.11745
7053.7116
4479.10984
8358.11996
2751.3694
1449.4279
4994.9943
675.3442
2618.8708
8438.10395
3268.6738
6670.8697
2704.3550
8050.9066
5335.10928
6637.6799
782.7983
8931.10032
1684.2362
2751.6891
7495.7520
6986.9293
4121.11852
7123.9154
5561.5691
212.7185
8604.9584
2955.10281
1098.7897
5210.12255
570.8518
8963.9348
2780.5107
6982.9765
3155.4841
2109.10578
1703.10575
1997.3405
2697.6166
1532.4181
3093.3896
11666.12106
8071.11107
482.4496
3228.3453
2274.5749
7718.11626
5305.6438
2456.4858
5834.6092
2088.8979
1215.8643
4160.11043
904.1030
5187.7030
4868.5832
4582.10539
9084.10946
9287.9907
471.5104
7362.12340
4609.12081
2388.7079
2465.6470
11309.11901
9325.9352
8082.12178
346.4682
3252.7282
4154.9988
4948.6735
6507.9456
5046.5785
538.564
2059.7848
11122.12280
385.5263
1773.4412
2840.10423
4251.10533
1796.6005
4364.8464
9875.9995
1638.5605
804.10539
1072.7250
6779.8599
3215.8161
3435.7511
3256.10840
10743.10869
4361.9343
605.7438
882.8798
5044.7578
1051.1785
1759.2317
414.3935
126.10270
1213.9114
5412.10462
6079.12321
22.11299
1862.2574
99.8876
10209.11085
47.131
4750.4871
2301.10240
5402.8107
1673.3903
3340.10429
8517.11708
3166.8377
3092.6517
9756.10525
4580.11087
967.11949
7793.11275
850.7598
72.9246
3628.3954
6660.11542
4787.11978
4508.9721
1875.2891
8206.10443
1399.7550
5619.10793
241.9738
77.1051
5627.11824
6072.7415
1035.12211
1977.4316
8731.9217
3596.11534
7613.11893
3102.9757
9819.11085
7063.8032
6603.7476
598.8572
8097.8928
350.4626
9983.11434
897.9379
206.9631
3362.7925
1006.6925
2305.10212
6088.11920
7823.11948
1423.5602
4229.7627
975.2947
2106.5725
4731.11558
7155.7822
2461.7013
2480.6354
9129.10522
285.392
7510.9563
5329.10346
905.4918
6561.8516
6451.12120
6438.11610
1202.4638
5016.6271
10406.11271
2571.9675
1518.5061
9755.10233
6310.10250
2285.8581
9411.11967
3394.5509
9493.11495
7451.10973
8970.11071
712.6317
2734.11813
1069.8216
3398.10982
890.8265
3186.8474
2957.3805
805.8224
5657.9340
3423.8296
4223.5253
2001.9790
9941.11107
3250.10576
1036.6385
5524.12335
3925.10163
2312.9081
3588.9893
5808.11486
5327.11840
9943.11747
2393.7739
2376.5927
627.2646
2541.11817
178.7072
3609.5630
3490.7326
275.4859
8716.10565
504.7414
736.3165
654.10536
741.7773
1942.8311
3348.5912
5776.11452
2820.9347
1594.2599
1709.7902
6673.9873
6636.8739
1637.8877
8468.8477
8851.11542
815.9331
1285.6876
7664.8533
4287.8664
826.10471
5885.12218
9559.11225
557.10084
4817.5374
1741.2341
7970.8640
1940.10003
2935.2988
3665.7854
1081.3774
1494.11256
4318.8192
7397.11723
8288.11256
8467.10991
10258.10470
5448.5789
698.8364
9205.10744
5717.12307
5695.6758
7450.8718
1835.5194
8294.10719
1788.2133
2025.6770
3460.9437
6130.10326
1530.2484
4416.10361
1865.7912
5544.7637
5261.6107
2921.6839
2743.4073
10305.10588
1108.6800
7850.9936
3547.6995
6940.10466
3283.4930
2204.6977
10561.11456
3749.12098
7410.8276
1755.7607
6365.8753
10151.12026
2071.8139
6749.7124
655.6634
4810.6903
1139.10487
392.4206
19.2557
8205.8869
1645.5339
8896.11856
2501.6671
10178.11032
1248.2295
2139.6171
2539.7653
1369.6680
7539.8282
77.1797
1575.9508
8860.10919
509.9999
7472.9226
1574.9032
8894.10690
8630.9519
4701.6435
1717.6118
3468.4253
2120.3942
5841.10767
7581.11040
5799.6105
3982.6374
553.7351
5560.10873
8835.9705
587.7607
754.11007
1361.4817
1811.3102
7895.10521
5933.12214
8597.9953
3634.12302
5995.11516
1024.7555
3429.5091
1668.11562
1919.4179
497.3808
4671.6042
3695.8385
12155.12330
2946.11116
2036.8239
7383.7527
4391.11873
2550.7062
6612.7233
10707.12347
2852.7417
3263.11256
3302.9319
9948.10581
142.8972
1207.9486
770.8291
3791.7300
2742.7307
2600.5744
630.7071
5036.11747
3784.4377
1185.11542
696.8204
8615.11830
1362.3082
7391.10780
6137.11666
1294.12004
6504.8938
4654.4833
3225.5422
9065.9796
270.2830
3110.9846
8387.9604
5748.12141
728.752
2283.3075
9067.11756
3956.9198
3158.4469
937.6957
3571.6163
8034.8425
4845.9988
9504.11525
4261.5536
8572.11570
9673.12283
8385.11098
595.12250
2995.7928
6866.9065
8811.11829
3732.5957
1121.9056
1267.1557
8385.11600
887.3144
3204.7158
10965.12312
4264.9007
3951.4625
355.7776
1286.7582
4486.9403
2562.7365
6706.11328
1044.9699
8065.8266
1206.6140
805.11812
5478.10312
4234.4548
4116.8918
10697.10927
276.10923
4877.11921
2738.9680
9482.9902
6171.10366
3537.11948
4358.6545
466.3934
2712.8607
4240.11281
9333.10041
4587.5994
479.1992
1542.9248
9744.12277
11643.12286
5305.8482
2639.5199
5427.6014
8299.10534
2629.10156
6749.10453
7264.9412
2924.6211
1996.5621
7310.10545
1074.4632
4122.8029
5108.6420
6557.11115
1020.4789
7183.9360
767.6529
2897.10824
1698.9894
5310.6287
65.8748
8765.10283
2825.10058
1643.12218
2613.5343
9537.9724
437.4850
11041.11925
9108.9303
5212.9508
8927.10237
1722.5262
1830.5897
11321.12253
8289.9741
7771.8685
2046.2667
7199.11542
4429.6323
2616.9993
94.809
170.8594
586.3989
705.6601
7178.12285
3589.9098
3463.8024
3478.7120
749.7856
1716.2400
1373.6422
790.3346
468.5769
784.4320
5250.10211
3998.7090
5734.11845
10525.11835
1161.9754
5419.5639
8522.8805
1380.11900
373.11838
1983.6939
5824.6244
5612.12272
2070.10620
1194.4732
11369.12364
3062.7646
4817.11666
5618.9505
839.7905
13.5957
5388.11800
208.5754
1506.6265
1439.11673
5552.9946
3862.5311
8785.12238
4211.11315
3835.7096
1302.7825
7071.8293
7371.7554
642.6552
9217.10686
7675.9859
3271.3785
1886.7195
167.8672
6821.10917
664.10631
4105.4431
8024.10022
6558.7255
4036.9690
6583.6639
2870.6982
6582.8572
6990.10557
8052.8176
317.2267
1972.3735
909.7779
3623.8039
1773.10940
777.4926
3390.3878
7864.8434
7121.7935
8792.9976
7586.10819
1199.3077
2527.9425
4486.9908
4312.11363
95.8973
1801.3633
9031.11165
4117.9080
341.10940
5624.10597
3115.6196
8634.9798
4248.4250
4298.6521
2163.11995
5900.12068
8697.9615
8245.8337
1037.11508
996.3519
6171.7042
832.12227
1916.9523
4267.4455
54.4729
127.1937
10924.11697
3608.8173
1853.2734
4280.8982
1312.10078
11097.11107
2465.5250
10649.12112
5134.10378
3685.5002
7224.11366
6981.7128
1575.2617
1078.10894
989.8973
7059.10103
2413.4489
297.7507
9789.10864
4461.11339
1964.7983
4457.11214
847.2327
11036.11504
2654.10870
6037.6275
2706.3485
1391.1446
4597.7717
1812.2099
13.7091
5713.11866
7289.8394
1629.3486
4514.6615
4207.6470
430.2991
2357.3909
4351.9538
2415.8890
3474.4481
7560.9112
3533.11064
1619.4134
3330.8172
5697.9056
6035.11760
5483.10706
4671.11809
1309.7025
3001.3485
1441.12301
2914.10539
13.4101
1213.7117
6718.10750
3187.11136
7288.8894
1700.8636
8009.8546
96.2727
2757.9231
2529.2598
5826.9157
2686.11079
802.6951
1275.9173
7951.9867
3801.9787
2642.10108
10518.10762
1092.7838
1444.8487
4141.7458
1787.10395
10893.11981
308.3742
572.6638
5083.11468
6920.8828
6265.8515
7063.11576
3062.3070
695.9636
997.6884
9321.9947
3015.6383
4679.9905
4589.9673
3803.6466
7292.9388
4822.5674
2651.3258
6563.11948
1466.11209
3973.8947
3466.12377
1882.6690
2269.6052
840.2393
3984.5062
7974.9416
1384.12343
4983.7658
5008.5380
11091.11162
5025.11355
1901.5434
3002.6230
8874.10898
5355.6584
142.8521
4745.5019
834.12235
4078.12045
5020.9187
1732.3930
5117.8727
4976.8175
3619.7396
644.9725
3706.10207
874.7133
4714.5436
4447.11786
8471.9892
2839.6174
783.10221
2665.3189
5548.12132
846.8456
8203.8708
1942.9334
353.11342
272.834
2279.5298
6989.10299
3251.10952
5806.6123
6579.8489
7777.11948
5021.5502
6993.8445
5604.10309
3669.9736
3762.8240
7729.12216
3210.10273
4989.9433
4197.6979
8241.11666
87.446
1312.11771
1809.4390
1529.4049
3507.11644
489.10455
3314.3933
133.10460
3820.10696
6973.8742
1884.9541
2325.5583
5326.8943
6426.8906
343.1179
3265.8350
5533.6438
3511.7251
2266.7515
628.8662
5234.9922
9897.11305
6669.9371
1851.9008
150.7637
2465.11747
4818.8684
1336.9298
2421.9864
2790.6403
216.3001
7967.9132
4978.5365
5770.6399
64.4237
10376.10506
2792.9640
8568.10220
7654.8955
7086.12195
910.11572
1449.2913
7046.10467
2693.8847
8335.11347
11690.11913
8065.11092
7531.11910
11223.11934
7368.8728
9870.10194
920.9914
8844.12062
10137.11536
8042.8517
11360.12084
2297.3416
280.5579
8126.11532
5995.12261
49.1226
7421.8298
1487.6847
923.3123
625.8095
2181.6765
197.7182
3767.10446
5417.11836
2606.3054
3771.8671
1973.9959
4541.7750
11124.11700
7980.10092
1404.9891
6433.11435
9316.10689
903.7689
4375.4964
5872.6250
3774.5827
2423.9634
1051.10477
1291.9120
3463.3844
4742.10329
1671.11780
4232.5469
7202.11980
4277.11019
9486.11764
7071.8437
7913.9722
3653.3807
123.6438
1179.11076
3963.11307
9341.10607
196.737
4988.10405
7554.8829
2014.7439
1234.5752
949.11937
2890.9656
4792.7733
9343.11563
10377.12258
11935.12047
5665.10671
1056.6470
2356.11434
391.2410
3673.3914
1773.9282
9742.12077
3408.4673
2067.3084
2030.10818
3305.10023
7282.8215
6117.8127
326.11304
1658.2452
4833.9847
2636.5979
11824.12099
10582.12208
1510.11545
708.830
4650.9084
2334.10950
7017.8621
3653.8639
4804.8275
823.11784
1355.9335
2938.3664
1712.11544
3158.7256
8589.8867
1375.8211
1385.9239
11098.11725
4932.8779
7631.10321
3720.7427
926.6842
179.11731
3131.10030
11171.12074
1574.5049
6594.10614
1002.1122
8771.11301
8846.10091
4635.6554
75.8561
1132.5857
1225.4545
46.4880
8930.11366
2480.8515
2342.6462
3522.6560
3441.6267
6891.11948
198.4762
5150.11244
1669.9983
884.4332
1342.9219
3364.6063
7744.11405
3863.7639
4218.11427
2401.7868
2930.7774
853.7763
2626.7954
4740.11269
319.10885
4122.8035
5961.9271
6733.11334
4681.9117
6982.11805
2463.10395
3864.5507
3524.3897
10408.11153
8775.10440
10476.12136
5122.5405
1179.8280
6786.8584
3291.8364
1181.4162
6903.10940
8335.9983
10245.10649
7760.11419
9349.12057
91.7167
8954.11917
10702.11883
7408.11179
2216.3565
3120.12170
3160.5991
3919.8072
2209.6300
9119.10243
5610.7036
1714.5559
6008.11881
143.11363
1067.4034
9634.11222
528.10421
1389.7379
3149.5054
2822.9627
4087.6156
8166.8389
5051.9919
5432.11338
805.3908
1553.7143
6453.11998
4471.8515
4854.11462
8721.9967
849.10565
7593.11520
10418.12320
1124.5903
2508.12300
6763.11068
5923.7839
10214.10722
188.8070
4883.10037
7249.7311
898.11413
3286.10640
8065.11538
7239.7324
8488.11707
4400.8664
11367.11639
1814.5443
3773.9767
3308.4237
1480.2849
7071.10412
7697.8556
6974.7962
3388.4401
2068.5110
9055.10887
877.2809
1720.1734
4581.10350
2189.4946
1792.6367
8452.9045
647.7478
707.9307
8364.10531
607.11588
8250.11360
10389.11996
8219.9357
6926.7642
7354.10186
6625.7326
2376.4613
4454.6254
7618.10183
3395.4719
3243.3818
6831.12182
8209.10920
5975.10175
608.7919
2570.7972
959.1693
5476.8553
3267.5673
63.2873
6390.8267
2402.7343
10619.12323
18.9249
10886.11687
4150.7607
3579.5324
7804.11830
2074.2353
8515.10352
7070.7162
2187.5472
10395.10475
3824.8654
5274.11854
6438.12104
805.1548
3254.9978
7910.10143
2905.4872
3929.9992
6427.6947
4954.8857
1045.3727
7567.11693
2813.5120
2129.11544
4227.9476
5106.8118
3653.11178
4180.10646
9355.10123
5138.10668
7527.9772
2971.9646
232.811
8168.9259
1107.8004
911.1055
5889.8132
935.6777
3670.5722
4276.12266
8040.9137
2469.3158
2170.11899
5704.7277
1360.8724
867.3453
3975.12311
558.11940
166.3423
2868.5150
694.6030
1955.7752
5475.7135
6926.11308
7201.8476
3461.9531
8111.12197
1112.3289
1515.4375
1484.11499
1306.2058
9566.11923
7145.11576
4933.5886
8430.9265
3514.8065
2827.8933
9071.11001
7406.7553
448.11088
1664.4991
4296.10243
2337.5847
5849.7359
5433.11123
7178.7800
204.7172
4784.9261
4950.11252
4314.9140
846.10765
6058.9656
3226.5925
3469.7348
2471.8206
1859.9645
3780.6446
1721.11596
770.6945
1421.5853
1334.4166
9448.10022
2140.8530
3496.10968
1558.11027
1675.5696
6239.10957
1459.5536
7250.10049
6759.11861
2596.12040
6035.9508
1965.11974
8744.11539
5530.11044
9924.11115
3724.6306
1932.11871
1949.5873
2790.10855
3333.5099
6043.7800
3060.11119
4548.5542
6521.8708
1616.1855
5539.12244
513.3493
611.6354
4309.4875
2891.7033
2826.12009
5956.7488
620.4245
246.855
485.2597
7809.8749
1354.8365
4491.5023
1051.8018
5113.7109
5121.9455
843.1271
7818.8347
8760.11008
1758.3591
4072.7066
2833.3921
2829.9496
1127.7949
2636.9426
6023.6908
2062.7700
447.3979
6444.7431
3917.7023
1671.3698
2256.4187
1060.3865
1458.3497
4729.8303
7867.7912
2865.12112
5812.6011
4529.8271
5096.11150
6709.11545
2516.8364
8638.11694
190.2222
9503.10948
5810.7012
5543.9617
1380.7320
1027.10493
1992.10928
210.3883
234.7305
6179.10094
4864.11190
4985.10251
3654.5158
7934.9923
3398.7868
6352.12194
11963.12327
8606.11705
1850.9272
9943.11162
3303.10711
8326.8467
630.5015
7639.10090
3916.11712
2534.2557
2235.7192
1555.11536
9741.12037
658.4487
1076.8074
1006.6894
7247.12292
6157.6398
269.543
4952.9215
11234.11667
7737.10564
6100.11256
1222.11349
7893.12003
5250.8515
11583.11993
7455.10484
3966.7858
10327.11719
1212.2475
2630.8065
2943.9712
2134.9936
974.7213
8970.12315
541.1318
10043.11383
10166.10552
3181.4856
539.10520
3058.5902
5736.6431
3572.4928
1.11908
889.11727
2360.9089
4968.8859
8341.8824
1892.10685
4839.9753
2974.8511
4354.11279
4272.7661
4330.10248
7633.8519
1434.6167
1289.12329
1786.4042
2072.11798
8412.10759
849.9552
1838.4488
5930.12049
5030.12294
1767.3494
6858.11059
3939.9052
7085.12362
6018.8900
10339.10501
891.11675
10450.10917
6112.10328
4624.9085
955.1223
8274.9641
5651.5974
4228.9013
6329.10064
1109.7356
4852.8596
735.1457
4455.9905
7565.10708
7543.8230
3000.8415
3862.12311
3458.5116
4166.11751
2084.12027
8454.11394
7239.9040
3501.8232
1650.4255
3977.7077
8414.8786
6926.11575
2644.6075
7635.9887
6438.11239
4967.6785
2622.9250
9358.9850
3676.11334
1657.2775
2871.10416
4301.10637
284.11914
4537.7885
429.2443
5335.9043
1676.11950
680.11948
1908.2366
7250.11686
8600.9793
5908.11474
4222.8921
1197.2239
4795.10083
6735.9338
